 1.00000000e+00 4.61470698e-08 4.25970258e-01 4.39934936e-01 4.39934936e-01 4.88294484e-01 6.11762339e-01 6.36175209e-01 6.36175209e-01 7.24377073e-01 8.74932699e-01 8.79200229e-01 8.79200229e-01 8.92954134e-01 9.50006713e-01 9.60762869e-01
 2.00000000e+00 7.56876930e-03 4.24332150e-01 4.39992176e-01 4.41062183e-01 4.88830254e-01 6.10797911e-01 6.35915523e-01 6.37180976e-01 7.24689448e-01 8.71468054e-01 8.79209548e-01 8.81010046e-01 8.94627953e-01 9.48062532e-01 9.60444141e-01
 3.00000000e+00 1.51370618e-02 4.20428926e-01 4.40163799e-01 4.43458390e-01 4.90411238e-01 6.08270354e-01 6.35149273e-01 6.39832617e-01 7.25614079e-01 8.65737261e-01 8.79237425e-01 8.82474707e-01 8.98951276e-01 9.43993629e-01 9.59513316e-01
 4.00000000e+00 2.27043976e-02 4.15432911e-01 4.40449521e-01 4.46026913e-01 4.92959420e-01 6.04816254e-01 6.33912697e-01 6.43493741e-01 7.27115665e-01 8.59484628e-01 8.79283620e-01 8.83163645e-01 9.04611049e-01 9.39241258e-01 9.58036881e-01
 5.00000000e+00 3.02702900e-02 4.09847299e-01 4.40848861e-01 4.48382982e-01 4.96352325e-01 6.00876015e-01 6.32259836e-01 6.47724276e-01 7.29141743e-01 8.53021635e-01 8.79347732e-01 8.83541820e-01 9.10832120e-01 9.34199229e-01 9.56101037e-01
 6.00000000e+00 3.78342422e-02 4.03887788e-01 4.41361141e-01 4.50454057e-01 5.00440754e-01 5.96685476e-01 6.30255561e-01 6.52288853e-01 7.31629644e-01 8.46461069e-01 8.79429204e-01 8.83805897e-01 9.17307184e-01 9.28993896e-01 9.53791892e-01
 7.00000000e+00 4.53957430e-02 3.97666609e-01 4.41985472e-01 4.52272907e-01 5.05071254e-01 5.92367717e-01 6.27969371e-01 6.57065015e-01 7.34512648e-01 8.39856854e-01 8.79527316e-01 8.84029300e-01 9.23679646e-01 9.23912341e-01 9.51184243e-01
 8.00000000e+00 5.29542617e-02 3.91251516e-01 4.42720747e-01 4.53900939e-01 5.10103150e-01 5.87990276e-01 6.25471200e-01 6.61986012e-01 7.37723992e-01 8.33241517e-01 8.79641194e-01 8.84241403e-01 9.18285467e-01 9.30591168e-01 9.48338250e-01
 9.00000000e+00 6.05092425e-02 3.84687344e-01 4.43565622e-01 4.55398613e-01 5.15415617e-01 5.83592860e-01 6.22829546e-01 6.67013103e-01 7.41198231e-01 8.26640601e-01 8.79769807e-01 8.84454536e-01 9.12829229e-01 9.37314180e-01 9.45300923e-01
 1.00000000e+01 6.80600973e-02 3.78005507e-01 4.44518496e-01 4.56815547e-01 5.20906632e-01 5.79200556e-01 6.20111708e-01 6.72122375e-01 7.44869734e-01 8.20080746e-01 8.79911973e-01 8.84673539e-01 9.07323101e-01 9.42092817e-01 9.44079702e-01
 1.10000000e+01 7.56061961e-02 3.71228897e-01 4.45577483e-01 4.58188998e-01 5.26487462e-01 5.74830381e-01 6.17385814e-01 6.77298220e-01 7.48667506e-01 8.13597461e-01 8.80066351e-01 8.84899438e-01 9.01775982e-01 9.38774357e-01 9.50843981e-01
 1.20000000e+01 8.31468555e-02 3.64374695e-01 4.46740372e-01 4.59545353e-01 5.32075142e-01 5.70494731e-01 6.14724522e-01 6.82529924e-01 7.52503644e-01 8.07247446e-01 8.80231443e-01 8.85130955e-01 8.96194725e-01 9.35338108e-01 9.57628373e-01
 1.30000000e+01 9.06813232e-02 3.57456134e-01 4.48004579e-01 4.60902271e-01 5.37583824e-01 5.66203308e-01 6.12210518e-01 6.87809798e-01 7.56247749e-01 8.01134099e-01 8.80405539e-01 8.85365077e-01 8.90584884e-01 9.31807240e-01 9.64421355e-01
 1.40000000e+01 9.82087573e-02 3.50483651e-01 4.49367082e-01 4.62270627e-01 5.42914932e-01 5.61964266e-01 6.09944090e-01 6.93132094e-01 7.59667038e-01 7.95466990e-01 8.80586234e-01 8.84951613e-01 8.85597149e-01 9.28195722e-01 9.71219127e-01
 1.50000000e+01 1.05728198e-01 3.43465684e-01 4.50824328e-01 4.63656004e-01 5.47946214e-01 5.57784957e-01 6.08052541e-01 6.98492358e-01 7.62290888e-01 7.90696769e-01 8.79288672e-01 8.80781694e-01 8.85820588e-01 9.24516232e-01 9.78018661e-01
 1.60000000e+01 1.13238529e-01 3.36409249e-01 4.52372116e-01 4.65059769e-01 5.52522028e-01 5.53672453e-01 6.06698942e-01 7.03887019e-01 7.63237484e-01 7.87687976e-01 8.73621230e-01 8.80968042e-01 8.86026172e-01 9.20781972e-01 9.84817006e-01
 1.70000000e+01 1.20738421e-01 3.29320372e-01 4.54005435e-01 4.66479797e-01 5.49633981e-01 5.56453090e-01 6.06081800e-01 7.09313134e-01 7.61622753e-01 7.87309617e-01 8.67935132e-01 8.81160227e-01 8.86200647e-01 9.17008793e-01 9.84320628e-01
 1.80000000e+01 1.28226257e-01 3.22204447e-01 4.55718239e-01 4.67910941e-01 5.45677317e-01 5.59542199e-01 6.06408990e-01 7.14768206e-01 7.57713409e-01 7.89281679e-01 8.62236783e-01 8.81352253e-01 8.86324069e-01 9.13218441e-01 9.83686896e-01
 1.90000000e+01 1.35700006e-01 3.15066559e-01 4.57503138e-01 4.69345309e-01 5.41811218e-01 5.61647732e-01 6.07834073e-01 7.20250069e-01 7.52487335e-01 7.92614351e-01 8.56528674e-01 8.81541730e-01 8.86364636e-01 9.09444236e-01 9.83030148e-01
 2.00000000e+01 1.43157049e-01 3.07911813e-01 4.59350973e-01 4.70772417e-01 5.38045937e-01 5.62756479e-01 6.10383320e-01 7.25756802e-01 7.46614292e-01 7.96626975e-01 8.50812910e-01 8.81726424e-01 8.86268473e-01 9.05741801e-01 9.82370614e-01
 2.10000000e+01 1.50593892e-01 3.00745737e-01 4.61250206e-01 4.72179258e-01 5.34393886e-01 5.62999224e-01 6.13939978e-01 7.31286667e-01 7.40416511e-01 8.00987104e-01 8.45091398e-01 8.81904138e-01 8.85940111e-01 9.02209165e-01 9.81724896e-01
 2.20000000e+01 1.58005703e-01 2.93574832e-01 4.63186073e-01 4.73550360e-01 5.30870537e-01 5.62590748e-01 6.18303972e-01 7.34047704e-01 7.36838065e-01 8.05531130e-01 8.39365901e-01 8.82072717e-01 8.85213045e-01 8.99016936e-01 9.81106747e-01
 2.30000000e+01 1.65385508e-01 2.86407437e-01 4.65139380e-01 4.74867856e-01 5.27495656e-01 5.61753873e-01 6.23267277e-01 7.27588867e-01 7.42409499e-01 8.10168034e-01 8.33638070e-01 8.82230075e-01 8.83846390e-01 8.96412718e-01 9.80527650e-01
 2.40000000e+01 1.72722765e-01 2.79255219e-01 4.67084821e-01 4.76111666e-01 5.24295011e-01 5.60677617e-01 6.28654611e-01 7.21089480e-01 7.47999536e-01 8.14837576e-01 8.27909480e-01 8.81654802e-01 8.82374221e-01 8.94592885e-01 9.79997218e-01
 2.50000000e+01 1.80000601e-01 2.72135966e-01 4.68988701e-01 4.77259839e-01 5.21302668e-01 5.59508822e-01 6.34329505e-01 7.14586758e-01 7.53606778e-01 8.19490099e-01 8.22181658e-01 8.78709728e-01 8.82503299e-01 8.93504342e-01 9.79523492e-01
 2.60000000e+01 1.87190126e-01 2.65079310e-01 4.70806045e-01 4.78289150e-01 5.18563899e-01 5.58358531e-01 6.40183203e-01 7.08117754e-01 7.59229805e-01 8.16456137e-01 8.24072944e-01 8.75276147e-01 8.82615616e-01 8.92913471e-01 9.79113148e-01
 2.70000000e+01 1.94237512e-01 2.58139673e-01 4.72477467e-01 4.79176005e-01 5.16138324e-01 5.57310779e-01 6.46115410e-01 7.01732848e-01 7.64867072e-01 8.10734555e-01 8.28514815e-01 8.71620744e-01 8.82709677e-01 8.92609744e-01 9.78771650e-01
 2.80000000e+01 2.01031215e-01 2.51429059e-01 4.73927167e-01 4.79897690e-01 5.14101922e-01 5.56429374e-01 6.52001218e-01 6.95522887e-01 7.70516633e-01 8.05018942e-01 8.32697730e-01 8.67978976e-01 8.82784215e-01 8.92464697e-01 9.78503351e-01
 2.90000000e+01 2.07307928e-01 2.45211123e-01 4.75065155e-01 4.80433901e-01 5.12544820e-01 5.55762030e-01 6.57608645e-01 6.89697122e-01 7.76175060e-01 7.99312786e-01 8.36396503e-01 8.64637967e-01 8.82838217e-01 8.92408464e-01 9.78311570e-01
 3.00000000e+01 2.12366392e-01 2.40187362e-01 4.75798354e-01 4.80768411e-01 5.11560187e-01 5.55342401e-01 6.62325554e-01 6.84853250e-01 7.81830206e-01 7.93628279e-01 8.39161134e-01 8.62078976e-01 8.82870946e-01 8.92404323e-01 9.78198636e-01
 3.10000000e+01 2.14532383e-01 2.38032144e-01 4.76052918e-01 4.80890595e-01 5.11221922e-01 5.55190816e-01 6.64459691e-01 6.82675483e-01 7.86973854e-01 7.88473666e-01 8.40261380e-01 8.61046636e-01 8.82881959e-01 8.92434555e-01 9.78165920e-01
 3.20000000e+01 2.14651293e-01 2.38157497e-01 4.71711424e-01 4.85250326e-01 5.10345810e-01 5.56047380e-01 6.64486562e-01 6.82716347e-01 7.86731238e-01 7.88294736e-01 8.40374394e-01 8.61213347e-01 8.79970902e-01 8.95533693e-01 9.77369452e-01
 3.30000000e+01 2.15007622e-01 2.38533007e-01 4.65634880e-01 4.91381602e-01 5.07897525e-01 5.58436831e-01 6.64567045e-01 6.82838800e-01 7.86016534e-01 7.87765201e-01 8.40650560e-01 8.61704232e-01 8.74959767e-01 9.01158508e-01 9.75172973e-01
 3.40000000e+01 2.15600182e-01 2.39157031e-01 4.59436722e-01 4.97670964e-01 5.04271536e-01 5.61964208e-01 6.64700745e-01 6.83042412e-01 7.84866185e-01 7.86905411e-01 8.40881695e-01 8.62492339e-01 8.70003229e-01 9.07325645e-01 9.71991591e-01
 3.50000000e+01 2.16427010e-01 2.40026849e-01 4.53222568e-01 4.99848217e-01 5.04014044e-01 5.66247027e-01 6.64887000e-01 6.83326444e-01 7.83332040e-01 7.85745597e-01 8.40662813e-01 8.63534854e-01 8.65795799e-01 9.13694047e-01 9.68219331e-01
 3.60000000e+01 2.17485406e-01 2.41138683e-01 4.47015841e-01 4.94906512e-01 5.10385538e-01 5.71007015e-01 6.65124870e-01 6.83689801e-01 7.81471726e-01 7.84322332e-01 8.39406485e-01 8.62960690e-01 8.64778452e-01 9.20168695e-01 9.64143758e-01
 3.70000000e+01 2.18771968e-01 2.42487723e-01 4.40825296e-01 4.89625687e-01 5.16778386e-01 5.76061644e-01 6.65413127e-01 6.84130969e-01 7.79340677e-01 7.82675289e-01 8.36681592e-01 8.61917371e-01 8.66153084e-01 9.26710497e-01 9.59963695e-01
 3.80000000e+01 2.20282651e-01 2.44068163e-01 4.34655448e-01 4.84121568e-01 5.23188136e-01 5.81293099e-01 6.65750236e-01 6.84647934e-01 7.76987220e-01 7.80844631e-01 8.32630083e-01 8.62494863e-01 8.67585095e-01 9.33299082e-01 9.55824867e-01
 3.90000000e+01 2.22012820e-01 2.45873225e-01 4.28509248e-01 4.78469547e-01 5.29612199e-01 5.86623343e-01 6.66134335e-01 6.85238060e-01 7.74450338e-01 7.78869207e-01 8.27724755e-01 8.64195360e-01 8.68989058e-01 9.39921392e-01 9.51847258e-01
 4.00000000e+01 2.23957317e-01 2.47895188e-01 4.22388984e-01 4.72720675e-01 5.36048720e-01 5.91998262e-01 6.66563214e-01 6.85897942e-01 7.71759091e-01 7.76785566e-01 8.22358393e-01 8.66606786e-01 8.70270671e-01 9.46541312e-01 9.48167858e-01
 4.10000000e+01 2.26110530e-01 2.50125402e-01 4.16296648e-01 4.66911187e-01 5.42496195e-01 5.97378181e-01 6.67034281e-01 6.86623209e-01 7.68932770e-01 7.74627631e-01 8.16768711e-01 8.69479270e-01 8.71327873e-01 9.44787954e-01 9.53259033e-01
 4.20000000e+01 2.28466459e-01 2.52554281e-01 4.10234112e-01 4.61068190e-01 5.48953296e-01 6.02732223e-01 6.67544531e-01 6.87408282e-01 7.65981225e-01 7.72426822e-01 8.11095715e-01 8.72042236e-01 8.72680733e-01 9.41937951e-01 9.59946820e-01
 4.30000000e+01 2.31018786e-01 2.55171281e-01 4.04203210e-01 4.55213155e-01 5.55418773e-01 6.08034908e-01 6.68090510e-01 6.88246078e-01 7.62905073e-01 7.70212460e-01 8.05430408e-01 8.72335216e-01 8.76100816e-01 9.39668559e-01 9.66651621e-01
 4.40000000e+01 2.33760944e-01 2.57964839e-01 3.98205799e-01 4.49364138e-01 5.61891398e-01 6.13264055e-01 6.68668266e-01 6.89127654e-01 7.59695808e-01 7.68012306e-01 7.99841450e-01 8.72101579e-01 8.79705012e-01 9.38064436e-01 9.73368656e-01
 4.50000000e+01 2.36686171e-01 2.60922260e-01 3.92243787e-01 4.43537288e-01 5.68369922e-01 6.18399464e-01 6.69273304e-01 6.90041803e-01 7.56336039e-01 7.65853137e-01 7.94388693e-01 8.71294824e-01 8.83452098e-01 9.37174730e-01 9.80094978e-01
 4.60000000e+01 2.39787576e-01 2.64029557e-01 3.86319166e-01 4.37747950e-01 5.74853040e-01 6.23422081e-01 6.69900537e-01 6.90974630e-01 7.52800395e-01 7.63761274e-01 7.89129587e-01 8.69910317e-01 8.87315825e-01 9.37002963e-01 9.86827554e-01
 4.70000000e+01 2.43058180e-01 2.67271190e-01 3.80434029e-01 4.32011558e-01 5.81339351e-01 6.28313471e-01 6.70544222e-01 6.91909147e-01 7.49057833e-01 7.61762983e-01 7.84120957e-01 8.67990491e-01 8.91276709e-01 9.37506421e-01 9.93561785e-01
 4.80000000e+01 2.46490958e-01 2.70629707e-01 3.74590601e-01 4.26344453e-01 5.87827315e-01 6.33055482e-01 6.71197905e-01 6.92825003e-01 7.45076001e-01 7.59884650e-01 7.79417080e-01 8.65614426e-01 8.95319509e-01 9.38606803e-01 1.00028573e+00
 4.90000000e+01 2.50078867e-01 2.74085229e-01 3.68791262e-01 4.20764731e-01 5.94315205e-01 6.37630024e-01 6.71854351e-01 6.93698467e-01 7.40827568e-01 7.58152599e-01 7.75064915e-01 8.62881713e-01 8.99431685e-01 9.40206295e-01 1.00692062e+00
 5.00000000e+01 2.53814858e-01 2.77614727e-01 3.63038588e-01 4.15293204e-01 6.00801031e-01 6.42018883e-01 6.72505468e-01 6.94502894e-01 7.36296987e-01 7.56592391e-01 7.71098404e-01 8.59897948e-01 9.03602317e-01 9.42201863e-01 1.00886889e+00
 5.10000000e+01 2.57691865e-01 2.81191034e-01 3.57335405e-01 4.09954578e-01 6.07282438e-01 6.46203484e-01 6.73142205e-01 6.95209905e-01 7.31485088e-01 7.55227445e-01 7.67534697e-01 8.56765585e-01 9.07821231e-01 9.44493991e-01 1.00421172e+00
 5.20000000e+01 2.61702759e-01 2.84781490e-01 3.51684866e-01 4.04778953e-01 6.13756562e-01 6.50164494e-01 6.73754394e-01 6.95791498e-01 7.26409511e-01 7.54076894e-01 7.64374449e-01 8.53580104e-01 9.12078135e-01 9.46989887e-01 9.99426181e-01
 5.30000000e+01 2.65840242e-01 2.88346115e-01 3.46090593e-01 3.99803755e-01 6.20219791e-01 6.53881152e-01 6.74330446e-01 6.96223191e-01 7.21101331e-01 7.53152760e-01 7.61606025e-01 8.50429649e-01 9.16361575e-01 9.49602857e-01 9.94659417e-01
 5.40000000e+01 2.70096629e-01 2.91835249e-01 3.40556925e-01 3.95076187e-01 6.26667387e-01 6.57330166e-01 6.74856713e-01 6.96488021e-01 7.15600393e-01 7.52456881e-01 7.59211414e-01 8.47396296e-01 9.20657375e-01 9.52249627e-01 9.89936850e-01
 5.50000000e+01 2.74463392e-01 2.95186643e-01 3.35089391e-01 3.90656204e-01 6.33092806e-01 6.60484055e-01 6.75315959e-01 6.96580945e-01 7.09952469e-01 7.51978309e-01 7.57171458e-01 8.44557594e-01 9.24945985e-01 9.54846898e-01 9.85279480e-01
 5.60000000e+01 2.78930142e-01 2.98322317e-01 3.29695745e-01 3.86619710e-01 6.39486429e-01 6.63308894e-01 6.75683445e-01 6.96512809e-01 7.04211356e-01 7.51692205e-01 7.55469193e-01 8.41987559e-01 9.29197390e-01 9.57308075e-01 9.80716916e-01
 5.70000000e+01 2.83482143e-01 3.01146095e-01 3.24388476e-01 3.83061062e-01 6.45832923e-01 6.65761727e-01 6.75915841e-01 6.96310992e-01 6.98453531e-01 7.51561049e-01 7.54091324e-01 8.39756602e-01 9.33360447e-01 9.59541152e-01 9.76299517e-01
 5.80000000e+01 2.88093094e-01 3.03543892e-01 3.19192029e-01 3.80092821e-01 6.52105096e-01 6.67788546e-01 6.75915806e-01 6.92799192e-01 6.96040528e-01 7.51538565e-01 7.53028395e-01 8.37930104e-01 9.37338541e-01 9.61449102e-01 9.72123121e-01
 5.90000000e+01 2.92698576e-01 3.05390164e-01 3.14169371e-01 3.77839323e-01 6.58247110e-01 6.69325019e-01 6.75408315e-01 6.87609115e-01 6.95744963e-01 7.51575940e-01 7.52274350e-01 8.36565634e-01 9.40931059e-01 9.62934437e-01 9.68387702e-01
 6.00000000e+01 2.97052071e-01 3.06564051e-01 3.09565977e-01 3.76420550e-01 6.64113909e-01 6.70303315e-01 6.73644224e-01 6.83769864e-01 6.95508955e-01 7.51628742e-01 7.51826466e-01 8.35709137e-01 9.43704846e-01 9.63909123e-01 9.65525979e-01
 6.10000000e+01 2.99559917e-01 3.06973692e-01 3.06976046e-01 3.75926675e-01 6.68537162e-01 6.70665899e-01 6.70668685e-01 6.82409573e-01 6.95392195e-01 7.51659361e-01 7.51689580e-01 8.35390887e-01 9.44887118e-01 9.64303575e-01 9.64315768e-01
 6.20000000e+01 2.95065472e-01 3.07145265e-01 3.10643640e-01 3.76914398e-01 6.62219409e-01 6.68289585e-01 6.76208673e-01 6.84611831e-01 6.95680440e-01 7.51248839e-01 7.52312281e-01 8.36024646e-01 9.42583428e-01 9.64316512e-01 9.65871489e-01
 6.30000000e+01 2.87547849e-01 3.07652551e-01 3.15805916e-01 3.79749227e-01 6.54637197e-01 6.63526878e-01 6.81108434e-01 6.88822536e-01 6.96940268e-01 7.50214546e-01 7.54133844e-01 8.37700965e-01 9.37441285e-01 9.64414265e-01 9.69127994e-01
 6.40000000e+01 2.79181220e-01 3.08496176e-01 3.20480356e-01 3.84234538e-01 6.46833493e-01 6.58038429e-01 6.83251906e-01 6.93307471e-01 7.00362844e-01 7.48746138e-01 7.57036233e-01 8.40286059e-01 9.30966662e-01 9.64596035e-01 9.72697916e-01
 6.50000000e+01 2.70292735e-01 3.09673293e-01 3.24614323e-01 3.90091470e-01 6.38894706e-01 6.52238863e-01 6.82869913e-01 6.97513403e-01 7.05782531e-01 7.47135521e-01 7.60867899e-01 8.43591104e-01 9.23850322e-01 9.64860554e-01 9.76077658e-01
 6.60000000e+01 2.61028922e-01 3.11179983e-01 3.28355532e-01 3.97019700e-01 6.30863239e-01 6.46252111e-01 6.81159581e-01 7.01095697e-01 7.12109721e-01 7.45762457e-01 7.65478970e-01 8.47391630e-01 9.16443219e-01 9.65206067e-01 9.79161909e-01
 6.70000000e+01 2.51483530e-01 3.13011307e-01 3.31873585e-01 4.04748060e-01 6.22765743e-01 6.40126669e-01 6.78822109e-01 7.03709882e-01 7.18747096e-01 7.45067372e-01 7.70738960e-01 8.51420387e-01 9.09016304e-01 9.65630296e-01 9.81984127e-01
 6.80000000e+01 2.41722251e-01 3.15161389e-01 3.35311924e-01 4.13057824e-01 6.14621187e-01 6.33885521e-01 6.76174474e-01 7.05046660e-01 7.25466182e-01 7.45457601e-01 7.76540431e-01 8.55311320e-01 9.01902662e-01 9.66130402e-01 9.84617837e-01
 6.90000000e+01 2.31792595e-01 3.17623493e-01 3.38777187e-01 4.21783422e-01 6.06444190e-01 6.27541599e-01 6.73377448e-01 7.04984744e-01 7.32178917e-01 7.47137613e-01 7.82796078e-01 8.58453080e-01 8.95674414e-01 9.66702927e-01 9.87137090e-01
 7.00000000e+01 2.21729563e-01 3.20390116e-01 3.42343039e-01 4.30802788e-01 5.98246630e-01 6.21103921e-01 6.70524166e-01 7.03678193e-01 7.38851874e-01 7.50017210e-01 7.89434298e-01 8.59771556e-01 8.91371614e-01 9.67343726e-01 9.89601471e-01
 7.10000000e+01 2.11559356e-01 3.23453085e-01 3.46057753e-01 4.40025842e-01 5.90038543e-01 6.14580620e-01 6.67673780e-01 7.01447579e-01 7.45475537e-01 7.53819262e-01 7.96395364e-01 8.58062597e-01 8.90174700e-01 9.68047875e-01 9.92051047e-01
 7.20000000e+01 2.01301889e-01 3.26803653e-01 3.49951237e-01 4.49384514e-01 5.81828653e-01 6.07980825e-01 6.64866224e-01 6.98614853e-01 7.52051708e-01 7.58243282e-01 8.03628686e-01 8.53399481e-01 8.92001267e-01 9.68809561e-01 9.94502392e-01
 7.30000000e+01 1.90972528e-01 3.30432596e-01 3.54040420e-01 4.58824881e-01 5.73624732e-01 6.01316199e-01 6.62129668e-01 6.95426642e-01 7.58587547e-01 7.63037370e-01 8.11090951e-01 8.46990533e-01 8.95655185e-01 9.69621932e-01 9.96929847e-01
 7.40000000e+01 1.80583309e-01 3.34330302e-01 3.58333047e-01 4.68300817e-01 5.65433846e-01 5.94602686e-01 6.59484667e-01 6.92051618e-01 7.65092424e-01 7.67988695e-01 8.18744835e-01 8.39832396e-01 9.00187082e-01 9.70476898e-01 9.94838580e-01
 7.50000000e+01 1.70143791e-01 3.38486858e-01 3.62830261e-01 4.77768078e-01 5.57262542e-01 5.87863140e-01 6.56946648e-01 6.88600117e-01 7.71576170e-01 7.72874990e-01 8.26558041e-01 8.32527800e-01 9.05106810e-01 9.71364825e-01 9.87834565e-01
 7.60000000e+01 1.59661677e-01 3.42892121e-01 3.67528293e-01 4.87177080e-01 5.49117000e-01 5.81132181e-01 6.54527475e-01 6.85142535e-01 7.77378118e-01 7.78048122e-01 8.25569450e-01 8.34502490e-01 9.10168797e-01 9.72273748e-01 9.80835893e-01
 7.70000000e+01 1.49143256e-01 3.47535779e-01 3.72419535e-01 4.96460852e-01 5.41003159e-01 5.74466525e-01 6.52236470e-01 6.81721936e-01 7.80923007e-01 7.84516638e-01 8.19622713e-01 8.42553593e-01 9.15238849e-01 9.73155981e-01 9.73877942e-01
 7.80000000e+01 1.38593730e-01 3.52407397e-01 3.77493133e-01 5.05508954e-01 5.32926830e-01 5.67969788e-01 6.50081095e-01 6.78361836e-01 7.82488152e-01 7.90988895e-01 8.15766470e-01 8.50689578e-01 9.20235829e-01 9.66846129e-01 9.74111052e-01
 7.90000000e+01 1.28017459e-01 3.57496433e-01 3.82735197e-01 5.14098993e-01 5.24893815e-01 5.61860012e-01 6.48067423e-01 6.75070738e-01 7.81019006e-01 7.97470853e-01 8.15101401e-01 8.58890815e-01 9.25106044e-01 9.59867872e-01 9.69910189e-01
 8.00000000e+01 1.17418141e-01 3.62792228e-01 3.88128622e-01 5.16910034e-01 5.21691828e-01 5.56673780e-01 6.46200464e-01 6.71844559e-01 7.76723086e-01 8.03967310e-01 8.17465138e-01 8.67139154e-01 9.29810872e-01 9.52897498e-01 9.62998964e-01
 8.10000000e+01 1.06798953e-01 3.68283943e-01 3.93652479e-01 5.08981683e-01 5.26897925e-01 5.53799428e-01 6.44484394e-01 6.68667718e-01 7.70793426e-01 8.10482001e-01 8.21714645e-01 8.75417201e-01 9.34319891e-01 9.45937507e-01 9.56075144e-01
 8.20000000e+01 9.61626562e-02 3.73960413e-01 3.99280800e-01 5.01115466e-01 5.27607834e-01 5.55346459e-01 6.42922723e-01 6.65513440e-01 7.64177254e-01 8.17017704e-01 8.26961627e-01 8.83707449e-01 9.38606292e-01 9.38989822e-01 9.49144674e-01
 8.30000000e+01 8.55116817e-02 3.79809867e-01 4.04980446e-01 4.93318946e-01 5.24252714e-01 5.60885339e-01 6.41518410e-01 6.62343902e-01 7.57402955e-01 8.23576330e-01 8.32748785e-01 8.91991016e-01 9.32056828e-01 9.42209098e-01 9.42647996e-01
 8.40000000e+01 7.48481940e-02 3.85819368e-01 4.10707452e-01 4.85601161e-01 5.19068021e-01 5.68184802e-01 6.40273959e-01 6.59111156e-01 7.50781665e-01 8.30158985e-01 8.38850510e-01 9.00244883e-01 9.25142974e-01 9.35289145e-01 9.46401850e-01
 8.50000000e+01 6.41741451e-02 3.91973685e-01 4.16400778e-01 4.77973803e-01 5.13274557e-01 5.76032842e-01 6.39191472e-01 6.55760489e-01 7.44535096e-01 8.36765948e-01 8.45145484e-01 9.08425159e-01 9.18269652e-01 9.28382292e-01 9.49844363e-01
 8.60000000e+01 5.34913174e-02 3.98252847e-01 4.21971477e-01 4.70453704e-01 5.07390510e-01 5.83928046e-01 6.38272704e-01 6.52239265e-01 7.38851209e-01 8.43396505e-01 8.51557625e-01 9.11238474e-01 9.16700637e-01 9.21507943e-01 9.52926417e-01
 8.70000000e+01 4.28013583e-02 4.04626235e-01 4.27284017e-01 4.63068779e-01 5.01722229e-01 5.91592651e-01 6.37519093e-01 6.48516959e-01 7.33904315e-01 8.50048366e-01 8.58025189e-01 9.04445550e-01 9.14692717e-01 9.24632479e-01 9.55592315e-01
 8.80000000e+01 3.21058104e-02 4.11035996e-01 4.32125645e-01 4.55874631e-01 4.96559597e-01 5.98774066e-01 6.36931790e-01 6.44628835e-01 7.29856992e-01 8.56715779e-01 8.64472625e-01 8.97623966e-01 9.07990933e-01 9.32418064e-01 9.57776455e-01
 8.90000000e+01 2.14061370e-02 4.17339538e-01 4.36165224e-01 4.49012089e-01 4.92272035e-01 6.05104376e-01 6.36511671e-01 6.40775347e-01 7.26852218e-01 8.63381881e-01 8.70747822e-01 8.90843664e-01 9.01541652e-01 9.39851052e-01 9.59407811e-01
 9.00000000e+01 1.07037439e-02 4.23042995e-01 4.38934474e-01 4.42973744e-01 4.89347630e-01 6.09868134e-01 6.36259355e-01 6.37548524e-01 7.25001920e-01 8.69967654e-01 8.76357945e-01 8.84188510e-01 8.95829865e-01 9.46472529e-01 9.60419581e-01
