[order * index * wn  * Fr * Tz  Tx ]
1, 12, 0.330556, 16.398542, 0.901271, 0.000000
   1.0059,   0.0000
    2,     2,   0.3028,   8.3431,   1.0016,   0.0000
    3,     3,   0.3056,   8.7319,   0.9942,   0.0000
    4,     4,   0.3083,   9.6167,   0.9852,   0.0000
    5,     5,   0.3111,  10.9637,   0.9786,   0.0000
    6,     6,   0.3139,  11.8493,   0.9777,   0.0000
    7,     7,   0.3167,  10.5085,   0.9809,   0.0000
    8,     9,   0.3222,   7.9832,   1.0035,   0.0000
    9,    10,   0.3250,   8.4739,   0.9998,   0.0000
   10,    11,   0.3278,  10.8849,   0.9582,   0.0000
   11,    12,   0.3306,  16.3985,   0.9013,   0.0000
   12,    17,   0.3444,   5.2028,   0.6591,   0.0000
   13,   125,   0.6444,  10.4086,   0.9373,   0.0000
   14,   133,   0.6667,   9.8970,   0.9867,   0.0000
   15,   134,   0.6694,   9.0360,   0.8690,   0.0000
   16,   135,   0.6722,   9.4462,   0.8231,   0.0000
   17,   136,   0.6750,   7.3958,   0.7799,   0.0000
   18,   169,   0.7667,   5.5250,   0.7450,   0.0000
   19,   170,   0.7694,   6.3387,   0.8367,   0.0000
   20,   171,   0.7722,   8.9480,   0.6027,   0.0000
   21,   172,   0.7750,   7.2309,   0.9464,   0.0000
   22,   173,   0.7778,   7.2170,   0.9364,   0.0000
   23,   174,   0.7806,   6.2456,   0.8425,   0.0000
   24,   175,   0.7833,   5.6008,   0.6066,   0.0000
