[nGx *  nGy]
7	180
[Fn *  Rotation * Transmitance ]
0.300000, 7.080716, 1.005948 0.015285
0.302778, 8.343141, 1.001650 0.021089
0.305556, 8.731903, 0.994248 0.022914
0.308333, 9.616735, 0.985233 0.027496
0.311111, 10.963723, 0.978593 0.035397
0.313889, 11.849344, 0.977658 0.041222
0.316667, 10.508482, 0.980852 0.032626
0.319444, 3.404168, 0.982421 0.003464
0.322222, 7.983155, 1.003464 0.019355
0.325000, 8.473876, 0.999753 0.021709
0.327778, 10.884865, 0.958219 0.034169
0.330556, 16.398542, 0.901271 0.071834
0.333333, 3.972556, 0.806110 0.003869
0.336111, 4.383696, 0.784870 0.004585
0.338889, 3.689804, 0.868063 0.003595
0.341667, 4.420033, 1.000463 0.005942
0.344444, 5.202819, 0.659146 0.005420
0.347222, 7.150127, 0.217592 0.003371
0.350000, 7.139286, 0.073618 0.001137
0.352778, 8.113511, 0.028875 0.000575
0.355556, 9.245688, 0.013172 0.000340
0.358333, 12.146203, 0.006622 0.000293
0.361111, 16.242041, 0.003744 0.000293
0.363889, 37.067013, 0.002668 0.000969
0.366667, 17.516052, 0.002011 0.000182
0.369444, 82.784344, 0.024270 0.023887
0.372222, 18.379342, 0.001160 0.000115
0.375000, 21.010879, 0.000785 0.000101
0.377778, 21.860398, 0.000577 0.000080
0.380556, 9.504563, 0.000444 0.000012
0.383333, 21.969791, 0.000461 0.000065
0.386111, 0.829510, 0.000357 0.000000
0.388889, 2.437251, 0.000345 0.000001
0.391667, 3.435489, 0.000349 0.000001
0.394444, 2.733118, 0.000370 0.000001
0.397222, 2.585292, 0.000412 0.000001
0.400000, 2.470008, 0.000484 0.000001
0.402778, 2.360816, 0.000603 0.000001
0.405556, 2.242875, 0.000799 0.000001
0.408333, 2.115546, 0.001138 0.000002
0.411111, 1.980969, 0.001761 0.000002
0.413889, 1.841886, 0.003008 0.000003
0.416667, 1.700999, 0.005831 0.000005
0.419444, 1.560734, 0.013435 0.000010
0.422222, 1.423152, 0.040367 0.000025
0.425000, 1.289880, 0.193258 0.000098
0.427778, 1.161988, 0.995030 0.000409
0.430556, 1.038513, 0.445170 0.000146
0.433333, 0.936749, 0.275010 0.000074
0.436111, 0.826939, 0.280046 0.000058
0.438889, 0.730952, 0.401447 0.000065
0.441667, 0.637547, 0.708161 0.000088
0.444444, 0.556733, 0.999621 0.000094
0.447222, 0.492275, 0.776703 0.000057
0.450000, 0.438701, 0.537749 0.000032
0.452778, 0.365048, 0.447177 0.000018
0.455556, 0.270083, 0.459975 0.000010
0.458333, 0.328217, 0.569410 0.000019
0.461111, 0.324400, 0.784978 0.000025
0.463889, 0.329198, 0.987663 0.000033
0.466667, 0.253182, 0.920033 0.000018
0.469444, 2.004814, 0.724896 0.000887
0.472222, 0.547346, 0.584863 0.000053
0.475000, 0.545481, 0.542848 0.000049
0.477778, 0.519330, 0.582630 0.000048
0.480556, 0.483284, 0.704166 0.000050
0.483333, 0.431165, 0.885278 0.000050
0.486111, 0.417272, 0.999093 0.000053
0.488889, 0.905761, 0.922113 0.000230
0.491667, 1.409204, 0.765213 0.000463
0.494444, 1.603142, 0.656707 0.000514
0.497222, 1.610001, 0.624122 0.000493
0.500000, 1.567252, 0.665505 0.000498
0.502778, 1.531157, 0.777186 0.000555
0.505556, 1.474502, 0.925196 0.000613
0.508333, 1.405782, 1.000103 0.000602
0.511111, 1.390840, 0.923716 0.000544
0.513889, 1.445256, 0.785506 0.000500
0.516667, 1.544915, 0.686612 0.000499
0.519444, 1.644564, 0.655269 0.000540
0.522222, 1.673995, 0.692570 0.000591
0.525000, 1.611704, 0.794154 0.000628
0.527778, 1.556670, 0.927831 0.000685
0.530556, 1.589610, 0.999936 0.000769
0.533333, 1.696161, 0.939541 0.000823
0.536111, 1.831927, 0.814964 0.000833
0.538889, 1.958392, 0.719386 0.000840
0.541667, 2.045001, 0.685707 0.000873
0.544444, 2.073502, 0.717484 0.000939
0.547222, 2.053560, 0.809650 0.001040
0.550000, 2.029372, 0.931315 0.001168
0.552778, 2.047628, 0.999743 0.001276
0.555556, 2.114653, 0.949807 0.001293
0.558333, 2.198200, 0.835434 0.001229
0.561111, 2.256196, 0.742490 0.001151
0.563889, 2.255477, 0.706571 0.001094
0.566667, 2.184714, 0.733299 0.001066
0.569444, 2.069880, 0.817807 0.001067
0.572222, 1.971988, 0.931315 0.001103
0.575000, 1.946905, 0.999028 0.001153
0.577778, 2.005737, 0.958248 0.001174
0.580556, 2.122655, 0.851999 0.001169
0.583333, 2.261962, 0.761207 0.001186
0.586111, 2.384328, 0.723814 0.001253
0.588889, 2.439282, 0.747174 0.001353
0.591667, 2.387148, 0.826455 0.001434
0.594444, 2.271724, 0.933665 0.001467
0.597222, 2.209746, 0.998857 0.001485
0.600000, 2.267955, 0.962652 0.001508
0.602778, 2.457362, 0.862309 0.001585
0.605556, 2.881741, 0.774523 0.001958
0.608333, 1.227438, 0.740032 0.000340
0.611111, 2.100227, 0.757052 0.001017
0.613889, 2.342975, 0.833332 0.001393
0.616667, 2.317960, 0.936035 0.001531
0.619444, 2.248376, 0.998414 0.001537
0.622222, 2.266141, 0.964354 0.001508
0.625000, 2.384747, 0.868345 0.001503
0.627778, 2.565908, 0.783397 0.001570
0.630556, 2.690573, 0.747786 0.001648
0.633333, 2.451223, 0.770765 0.001410
0.636111, 1.224289, 0.843376 0.000385
0.638889, 1.301530, 0.944280 0.000487
0.641667, 4.244287, 0.993757 0.005443
0.644444, 10.408649, 0.937314 0.030595
0.647222, 3.537210, 0.868649 0.003307
0.650000, 2.592902, 0.789548 0.001616
0.652778, 2.297967, 0.756984 0.001217
0.655556, 2.107494, 0.781003 0.001056
0.658333, 1.474868, 0.855355 0.000567
0.661111, 2.570181, 0.948433 0.001907
0.663889, 0.883699, 1.000119 0.000238
0.666667, 9.897017, 0.986690 0.029149
0.669444, 9.036045, 0.868989 0.021435
0.672222, 9.446219, 0.823112 0.022171
0.675000, 7.395843, 0.779883 0.012922
0.677778, 0.224765, 0.801692 0.000012
0.680556, 1.962127, 0.879550 0.001031
0.683333, 2.423895, 0.966888 0.001729
0.686111, 2.554111, 1.000784 0.001987
0.688889, 2.621997, 0.952286 0.001993
0.691667, 2.741773, 0.867353 0.001985
0.694444, 2.925891, 0.804483 0.002096
0.697222, 3.056661, 0.790690 0.002248
0.700000, 3.150111, 0.829197 0.002504
0.702778, 3.150500, 0.906047 0.002737
0.705556, 3.099677, 0.980575 0.002867
0.708333, 3.050236, 0.998206 0.002826
0.711111, 3.049585, 0.949291 0.002687
0.713889, 3.117270, 0.881304 0.002606
0.716667, 3.227511, 0.839944 0.002662
0.719444, 3.325459, 0.841552 0.002832
0.722222, 3.367008, 0.879661 0.003034
0.725000, 3.340568, 0.930779 0.003160
0.727778, 3.264122, 0.965876 0.003131
0.730556, 3.179926, 0.968901 0.002981
0.733333, 3.160060, 0.900712 0.002737
0.736111, 3.330542, 0.623209 0.002103
0.738889, 4.000828, 0.234279 0.001140
0.741667, 6.646276, 0.045535 0.000610
0.744444, 40.206277, 0.001251 0.000521
0.747222, 6.393477, 0.053861 0.000668
0.750000, 3.432722, 0.244012 0.000875
0.752778, 10.836166, 0.016532 0.000584
0.755556, 2.343263, 0.848201 0.001418
0.758333, 4.448096, 0.970920 0.005840
0.761111, 4.633643, 0.993079 0.006481
0.763889, 4.741414, 0.704827 0.004816
0.766667, 5.525045, 0.745009 0.006906
0.769444, 6.338702, 0.836728 0.010199
0.772222, 8.947990, 0.602717 0.014581
0.775000, 7.230879, 0.946417 0.014994
0.777778, 7.217003, 0.936400 0.014779
0.780556, 6.245636, 0.842493 0.009971
0.783333, 5.600843, 0.606621 0.005778
0.786111, 3.214784, 0.720240 0.002265
0.788889, 3.599018, 0.738417 0.002910
0.791667, 3.559315, 0.848897 0.003272
0.794444, 3.292931, 0.964163 0.003181
0.797222, 2.993759, 0.992032 0.002706
0.800000, 2.714583, 0.904901 0.002030
0.802778, 2.469704, 0.790345 0.001468
0.805556, 2.260597, 0.720869 0.001122
0.808333, 2.084136, 0.717170 0.000949
0.811111, 1.935773, 0.780029 0.000890
0.813889, 1.810917, 0.892807 0.000892
0.816667, 1.705576, 0.989039 0.000876
0.819444, 1.616628, 0.972127 0.000774
0.822222, 1.541901, 0.852836 0.000617
0.825000, 1.480097, 0.731954 0.000488
0.827778, 1.430568, 0.667111 0.000416
0.830556, 1.392906, 0.671076 0.000397
0.833333, 1.366367, 0.746875 0.000425
0.836111, 1.349180, 0.883003 0.000490
0.838889, 1.337924, 0.994712 0.000542
0.841667, 1.327184, 0.934867 0.000502
0.844444, 1.309468, 0.739354 0.000386
0.847222, 1.270529, 0.565475 0.000278
0.850000, 1.134313, 0.467439 0.000183
0.852778, 0.682517, 0.443615 0.000063
0.855556, 0.126923, 0.510533 0.000003
0.858333, 0.515239, 0.761623 0.000062
0.861111, 1.469119, 0.914411 0.000601
0.863889, 3.274580, 0.186791 0.000609
0.866667, 7.830072, 0.022814 0.000423
0.869444, 33.133295, 0.001244 0.000372
0.872222, 37.046723, 0.001042 0.000378
0.875000, 21.305697, 0.056863 0.007507
0.877778, 2.357600, 0.060056 0.000102
0.880556, 2.718687, 0.080506 0.000181
0.883333, 2.642064, 0.141122 0.000300
0.886111, 2.739849, 0.283966 0.000649
0.888889, 2.899645, 0.606262 0.001551
0.891667, 2.680397, 0.975824 0.002134
0.894444, 2.237976, 0.886053 0.001351
0.897222, 2.070521, 0.677019 0.000884
0.900000, 2.345174, 0.582801 0.000976
