1.184363 0.069653
1.208279 0.074031
1.225770 0.078266
1.236596 0.082439
1.240516 0.086686
1.154276 0.065081
1.118290 0.060292
1.076699 0.055283
1.029820 0.050060
0.728834 0.021548
0.796596 0.027471
0.658138 0.015581
0.584953 0.009607
0.509733 0.003661
0.860988 0.033317
0.921589 0.039051
0.977995 0.044642
-0.449467 -0.056410
-0.387699 -0.053615
-0.507593 -0.058814
-0.561812 -0.060818
-0.611887 -0.062414
-0.322579 -0.050440
-0.254425 -0.046901
-0.183578 -0.043015
-0.110399 -0.038801
0.197708 -0.019135
0.276466 -0.013652
0.355029 -0.008003
0.432938 -0.002220
0.119206 -0.024420
0.041403 -0.029478
-0.035271 -0.034280
-0.219120 0.017479
-0.269492 0.013720
-0.168869 0.021051
-0.119032 0.024413
-0.069890 0.027547
-0.319686 0.009794
-0.369395 0.005726
-0.418307 0.001541
-0.466110 -0.002736
-0.639956 -0.020202
-0.677545 -0.024514
-0.712195 -0.028748
-0.743633 -0.032872
-0.771595 -0.036858
-0.599718 -0.015838
-0.557127 -0.011453
-0.512488 -0.007076
-0.767037 -0.064682
-0.735318 -0.064730
-0.698803 -0.064370
-0.657610 -0.063598
-0.793872 -0.064232
-0.815768 -0.063390
-0.832699 -0.062166
-0.844668 -0.060574
-0.832248 -0.047709
-0.844024 -0.050868
-0.816122 -0.044304
-0.795834 -0.040678
-0.851284 -0.053756
-0.853884 -0.056350
-0.851709 -0.058630
-0.086654 -0.006170
-0.085776 -0.008971
-0.086936 -0.003084
-0.086766 0.000375
-0.086324 0.004342
-0.084187 -0.011543
-0.081788 -0.013918
-0.078493 -0.016116
-0.074230 -0.018142
-0.046371 -0.024467
-0.036508 -0.025566
-0.025442 -0.026455
-0.013171 -0.027124
0.000294 -0.027566
-0.055046 -0.023167
-0.062556 -0.021673
-0.068936 -0.019996
0.234514 -0.014795
0.257008 -0.012385
0.279303 -0.009822
0.301228 -0.007125
0.322608 -0.004312
0.211985 -0.017036
0.189580 -0.019094
0.167449 -0.020957
0.145732 -0.022611
0.047574 -0.027487
0.065471 -0.026983
0.030707 -0.027752
0.014931 -0.027777
0.084327 -0.026240
0.104056 -0.025260
0.124561 -0.024049
0.114524 0.037488
0.070728 0.035419
0.025240 0.033065
-0.021713 0.030436
0.156416 0.039263
0.196213 0.040736
0.233741 0.041902
0.268845 0.042759
0.403999 0.042454
0.382629 0.043112
0.422443 0.041514
0.437950 0.040304
0.450526 0.038835
0.358365 0.043478
0.331261 0.043545
0.301389 0.043306
0.381677 0.004626
0.399073 0.007699
0.363013 0.001585
0.343263 -0.001401
0.415024 0.010782
0.429353 0.013851
0.441893 0.016884
0.452479 0.019858
0.472332 0.030700
0.471031 0.033038
0.467013 0.035185
0.460199 0.037124
0.471011 0.028192
0.467178 0.025534
0.460956 0.022749
1.201400 0.071480
1.178577 0.068074
1.217741 0.074256
1.227449 0.076263
1.230447 0.077322
1.149477 0.064142
1.114354 0.059769
1.073500 0.055023
1.027240 0.049962
0.795565 0.027556
0.728023 0.021632
0.657502 0.015659
0.584456 0.009676
0.509345 0.003721
0.859682 0.033393
0.919943 0.039102
0.975929 0.044639
-0.387716 -0.053610
-0.449480 -0.056407
-0.507603 -0.058811
-0.561819 -0.060815
-0.611892 -0.062412
-0.322601 -0.050435
-0.254454 -0.046894
-0.183616 -0.043006
-0.110448 -0.038789
0.276285 -0.013617
0.197568 -0.019106
0.354795 -0.007960
0.432636 -0.002169
0.119098 -0.024397
0.041319 -0.029460
-0.035336 -0.034266
-0.269492 0.013720
-0.219120 0.017479
-0.168869 0.021051
-0.119032 0.024413
-0.069890 0.027547
-0.319686 0.009794
-0.369395 0.005726
-0.418307 0.001541
-0.466110 -0.002736
-0.677545 -0.024514
-0.639956 -0.020202
-0.712195 -0.028748
-0.743633 -0.032872
-0.771595 -0.036858
-0.599718 -0.015838
-0.557127 -0.011453
-0.512488 -0.007076
-0.735320 -0.064729
-0.767039 -0.064681
-0.698806 -0.064369
-0.657614 -0.063597
-0.793874 -0.064232
-0.815769 -0.063390
-0.832700 -0.062166
-0.844668 -0.060574
-0.844025 -0.050868
-0.832249 -0.047709
-0.816122 -0.044304
-0.795834 -0.040678
-0.851284 -0.053756
-0.853884 -0.056350
-0.851709 -0.058630
-0.091469 -0.010524
-0.093421 -0.008680
-0.094835 -0.007029
-0.095765 -0.005701
-0.096229 -0.004870
-0.088909 -0.012465
-0.085660 -0.014433
-0.081640 -0.016372
-0.076768 -0.018238
-0.037305 -0.025483
-0.047385 -0.024384
-0.026067 -0.026377
-0.013660 -0.027055
-0.000088 -0.027507
-0.056330 -0.023092
-0.064176 -0.021624
-0.070969 -0.019998
0.256995 -0.012381
0.234497 -0.014790
0.279294 -0.009820
0.301221 -0.007123
0.322602 -0.004310
0.211963 -0.017030
0.189551 -0.019087
0.167411 -0.020948
0.145683 -0.022600
0.065334 -0.026955
0.047395 -0.027453
0.030477 -0.027710
0.014635 -0.027727
0.084221 -0.026217
0.103974 -0.025242
0.124498 -0.024034
0.070728 0.035419
0.114524 0.037488
0.025240 0.033065
-0.021713 0.030436
0.156416 0.039263
0.196213 0.040736
0.233741 0.041902
0.268845 0.042759
0.382629 0.043112
0.403999 0.042454
0.422443 0.041514
0.437950 0.040304
0.450526 0.038835
0.358365 0.043478
0.331261 0.043545
0.301389 0.043306
0.399071 0.007699
0.381674 0.004626
0.363010 0.001586
0.343259 -0.001400
0.415022 0.010782
0.429352 0.013851
0.441892 0.016885
0.452478 0.019858
0.471031 0.033038
0.472332 0.030700
0.467013 0.035185
0.460199 0.037124
0.471011 0.028192
0.467178 0.025534
0.460955 0.022749
