1.385012 0.128511
1.413796 0.126701
1.435036 0.123763
1.448367 0.119509
1.453394 0.113684
1.349039 0.129331
1.306237 0.129266
1.256983 0.128398
1.201677 0.126792
0.849872 0.109467
0.928684 0.114025
0.767847 0.104446
0.683139 0.099002
0.596282 0.093176
1.003765 0.118078
1.074612 0.121585
1.140738 0.124505
-0.491988 0.001412
-0.423246 0.008491
-0.556420 -0.005502
-0.616259 -0.012221
-0.671260 -0.018716
-0.350505 0.015704
-0.274111 0.023015
-0.194437 0.030390
-0.111888 0.037791
0.238157 0.066879
0.328221 0.073818
0.418284 0.080542
0.507817 0.087009
0.148615 0.059765
0.060101 0.052519
-0.026891 0.045181
-0.238928 -0.062482
-0.290749 -0.065070
-0.187599 -0.059743
-0.137068 -0.056871
-0.087623 -0.053883
-0.342745 -0.067488
-0.394587 -0.069720
-0.445936 -0.071746
-0.496449 -0.073549
-0.683112 -0.078179
-0.724183 -0.078608
-0.762332 -0.078717
-0.797233 -0.078490
-0.828571 -0.077918
-0.639456 -0.077442
-0.593561 -0.076414
-0.545774 -0.075111
-0.839188 -0.041966
-0.805298 -0.036606
-0.765938 -0.030931
-0.721212 -0.024960
-0.867541 -0.046994
-0.890324 -0.051675
-0.907540 -0.055998
-0.919226 -0.059953
-0.898298 -0.074023
-0.912571 -0.071975
-0.879376 -0.075692
-0.856046 -0.076988
-0.921977 -0.069544
-0.926326 -0.066729
-0.925454 -0.063531
0.116059 0.045938
0.112126 0.049247
0.119483 0.041946
0.122133 0.037090
0.123675 0.031122
0.107902 0.052000
0.103574 0.054292
0.099308 0.056189
0.095258 0.057743
0.083927 0.061167
0.082911 0.061434
0.082827 0.061499
0.083760 0.061374
0.085781 0.061070
0.085781 0.060681
0.088366 0.059963
0.091566 0.058991
0.200346 0.047029
0.216046 0.045220
0.232208 0.043338
0.248675 0.041385
0.265280 0.039364
0.185251 0.048760
0.170892 0.050411
0.157386 0.051975
0.144836 0.053447
0.098876 0.059199
0.105677 0.058289
0.093303 0.059973
0.088948 0.060600
0.113702 0.057250
0.122932 0.056092
0.133328 0.054822
0.094094 -0.041095
0.051545 -0.044386
0.006928 -0.047624
-0.039540 -0.050795
0.134383 -0.037766
0.172241 -0.034411
0.207518 -0.031042
0.240090 -0.027671
0.359695 -0.011115
0.341679 -0.014360
0.374756 -0.007915
0.386901 -0.004766
0.396190 -0.001671
0.320693 -0.017645
0.296743 -0.020964
0.269858 -0.024309
0.314131 0.032910
0.329460 0.030631
0.298196 0.035125
0.281849 0.037277
0.343983 0.028289
0.357503 0.025883
0.369818 0.023415
0.380734 0.020883
0.406634 0.010113
0.407800 0.007260
0.406533 0.004345
0.402701 0.001367
0.403180 0.012902
0.397598 0.015627
0.390056 0.018287
1.402471 0.133113
1.375325 0.132911
1.422108 0.133056
1.434094 0.132911
1.438408 0.132930
1.340899 0.132331
1.299492 0.131295
1.251456 0.129758
1.197188 0.127693
0.926855 0.114167
0.848428 0.109549
0.766712 0.104489
0.682248 0.099020
0.595586 0.093179
1.001457 0.118314
1.071715 0.121963
1.137120 0.125094
-0.423277 0.008488
-0.492012 0.001409
-0.556438 -0.005504
-0.616273 -0.012223
-0.671271 -0.018717
-0.350545 0.015700
-0.274164 0.023010
-0.194506 0.030384
-0.111978 0.037784
0.327893 0.073808
0.237904 0.066868
0.417862 0.080534
0.507275 0.087004
0.148418 0.059755
0.059950 0.052509
-0.027008 0.045173
-0.290749 -0.065070
-0.238928 -0.062482
-0.187599 -0.059743
-0.137068 -0.056871
-0.087623 -0.053883
-0.342745 -0.067488
-0.394587 -0.069720
-0.445936 -0.071746
-0.496449 -0.073549
-0.724183 -0.078608
-0.683112 -0.078179
-0.762332 -0.078717
-0.797233 -0.078490
-0.828571 -0.077918
-0.639456 -0.077442
-0.593561 -0.076414
-0.545774 -0.075111
-0.805303 -0.036607
-0.839192 -0.041966
-0.765944 -0.030932
-0.721220 -0.024961
-0.867544 -0.046994
-0.890326 -0.051676
-0.907541 -0.055998
-0.919227 -0.059953
-0.912571 -0.071975
-0.898298 -0.074023
-0.879376 -0.075692
-0.856046 -0.076988
-0.921978 -0.069544
-0.926327 -0.066730
-0.925455 -0.063532
0.102552 0.053589
0.104865 0.052267
0.106703 0.051120
0.108022 0.050324
0.108856 0.050129
0.099858 0.054959
0.096908 0.056293
0.093845 0.057530
0.090822 0.058631
0.081484 0.061514
0.082119 0.061306
0.081705 0.061540
0.082880 0.061391
0.085094 0.061073
0.083500 0.060913
0.085502 0.060334
0.087991 0.059570
0.216023 0.045218
0.200315 0.047026
0.232190 0.043336
0.248661 0.041383
0.265270 0.039363
0.185211 0.048757
0.170840 0.050406
0.157318 0.051969
0.144747 0.053440
0.105426 0.058278
0.098552 0.059189
0.092887 0.059964
0.088412 0.060595
0.113508 0.057240
0.122782 0.056083
0.133213 0.054814
0.051545 -0.044386
0.094094 -0.041095
0.006928 -0.047624
-0.039540 -0.050795
0.134383 -0.037766
0.172240 -0.034411
0.207518 -0.031042
0.240090 -0.027671
0.341679 -0.014360
0.359694 -0.011115
0.374756 -0.007915
0.386901 -0.004766
0.396190 -0.001671
0.320693 -0.017645
0.296743 -0.020964
0.269858 -0.024309
0.329456 0.030630
0.314126 0.032909
0.298190 0.035124
0.281841 0.037276
0.343981 0.028288
0.357501 0.025883
0.369817 0.023415
0.380732 0.020883
0.407800 0.007260
0.406634 0.010113
0.406533 0.004345
0.402701 0.001367
0.403180 0.012902
0.397597 0.015627
0.390055 0.018287
