 FDTD results
******
[Fn *  Rotation * Transmitance ]
0.600000, 17.505000, 1.002230
0.602785, 17.544600, 0.997295
0.605568, 17.559200, 0.990919
0.608352, 17.639400, 0.987846
0.611138, 17.834400, 0.990380
0.613922, 18.099300, 0.996268
0.616705, 18.356300, 1.001560
0.619490, 18.511600, 1.001850
0.622274, 18.582800, 0.997998
0.625057, 18.622200, 0.992448
0.627841, 18.751500, 0.990623
0.630626, 18.984300, 0.992796
0.633412, 19.305500, 0.998143
0.636195, 19.582800, 1.000770
0.638978, 19.766800, 0.999265
0.641764, 19.833100, 0.992941
0.644546, 19.909500, 0.987708
0.647332, 20.085300, 0.986387
0.650116, 20.444800, 0.991533
0.652902, 20.906000, 0.997995
0.655686, 21.349600, 1.000900
0.658469, 21.616000, 0.994869
0.661252, 21.695500, 0.982414
0.664037, 21.700800, 0.969325
0.666822, 21.863100, 0.964172
0.669605, 22.373800, 0.970444
0.672391, 23.269300, 0.983870
0.675173, 24.315200, 0.991603
0.677958, 25.059600, 0.980518
0.680743, 25.168000, 0.950032
0.683527, 24.764900, 0.912311
0.686310, 24.593700, 0.890510
0.689095, 25.688300, 0.902659
0.691878, 28.729700, 0.938755
0.694663, 32.584600, 0.934672
0.697450, 34.163500, 0.867973
0.700234, 31.999600, 0.771034
0.703015, 29.345600, 0.692845
0.705801, 36.106100, 0.774833
0.708584, 59.913800, 0.560304
0.711367, 54.637800, 0.466058
0.714155, 42.499200, 0.360542
0.716938, 35.070100, 0.068327
0.719721, 30.260300, 0.016334
0.722508, 26.582500, 0.005410
0.725289, 23.918100, 0.002206
0.728074, 21.450100, 0.001058
0.730857, 19.582800, 0.000558
0.733644, 17.796400, 0.000333
0.736428, 16.105700, 0.000206
0.739210, 14.999100, 0.000144
0.741995, 13.049500, 0.000101
0.744782, 12.704500, 0.000080
0.747566, 10.295500, 0.000063
0.750346, 10.620500, 0.000054
0.753133, 7.904680, 0.000049
0.755917, 8.494200, 0.000045
0.758701, 5.991270, 0.000046
0.761486, 6.183700, 0.000044
0.764271, 4.629770, 0.000051
0.767052, 3.778480, 0.000054
0.769838, 3.880120, 0.000070
0.772624, 2.182930, 0.000080
0.775404, 4.053330, 0.000115
0.778189, 3.729330, 0.000151
0.780974, 5.566910, 0.000239
0.783757, 6.928700, 0.000371
0.786544, 8.614870, 0.000674
0.789325, 11.239700, 0.001308
0.792109, 13.745600, 0.002991
0.794896, 18.097900, 0.008430
0.797682, 23.798400, 0.033699
0.800465, 34.701500, 0.265320
0.803246, 53.777300, 0.446089
0.806035, 35.842600, 0.672021
0.808815, 16.979900, 0.401059
0.811598, 17.473000, 0.430573
0.814383, 24.856400, 0.642499
0.817170, 31.455200, 0.825272
0.819954, 29.863000, 0.862933
0.822739, 22.969000, 0.753428
0.825525, 18.146600, 0.635942
0.828307, 17.390600, 0.625152
0.831090, 19.977900, 0.713999
0.833874, 23.805200, 0.845195
0.836659, 26.242500, 0.928143
0.839444, 25.370000, 0.923282
0.842230, 22.323900, 0.848459
0.845009, 19.551300, 0.765970
0.847795, 18.512400, 0.736693
0.850581, 19.483800, 0.771424
0.853367, 21.802100, 0.851203
0.856146, 24.152700, 0.927427
0.858930, 25.041600, 0.955723
0.861720, 23.936400, 0.926802
0.864502, 21.763300, 0.860473
0.867283, 19.958600, 0.801776
0.870070, 19.432900, 0.784469
0.872854, 20.439600, 0.817361
0.875637, 22.466400, 0.881987
0.878425, 24.472500, 0.940925
0.881203, 25.208800, 0.958321
0.883993, 24.216500, 0.928233
0.886773, 22.230100, 0.865422
0.889558, 20.519600, 0.809327
0.892346, 20.007000, 0.791148
0.895125, 21.011600, 0.821606
0.897914, 23.093400, 0.883501
0.900693, 25.193900, 0.939612
0.903482, 25.994000, 0.954811
0.906267, 24.936300, 0.922710
0.909049, 22.800300, 0.857502
0.911833, 20.939100, 0.798340
0.914620, 20.403900, 0.779907
0.917402, 21.537300, 0.812531
0.920187, 23.876000, 0.878482
0.922968, 26.195000, 0.934834
0.925757, 27.007000, 0.947598
0.928542, 25.707600, 0.911052
0.931321, 23.276500, 0.841293
0.934109, 21.244000, 0.779568
0.936892, 20.765900, 0.764105
0.939676, 22.154800, 0.802799
0.942462, 24.832200, 0.874696
0.945241, 27.349800, 0.929916
0.948029, 28.041300, 0.938025
0.950810, 26.384100, 0.896100
0.953600, 23.635900, 0.821935
0.956382, 21.510900, 0.760565
0.959166, 21.192800, 0.751018
0.961950, 22.920100, 0.797998
0.964734, 25.929600, 0.874459
0.967518, 28.549100, 0.925738
0.970302, 28.982800, 0.927477
0.973086, 26.926400, 0.880563
0.975870, 23.923000, 0.803468
0.978654, 21.816800, 0.745739
0.981437, 21.746400, 0.744007
0.984219, 23.841100, 0.799664
0.987009, 27.119800, 0.877559
0.989789, 29.715300, 0.922237
0.992577, 29.795000, 0.917132
0.995363, 27.363900, 0.866127
0.998140, 24.206900, 0.788192
1.000924, 22.217900, 0.736509
1.003715, 22.451000, 0.743413
1.006495, 24.899400, 0.806587
1.009282, 28.370100, 0.882501
1.012067, 30.835500, 0.918702
1.014850, 30.524600, 0.907200
1.017630, 27.773000, 0.852741
1.020417, 24.550500, 0.775752
1.023201, 22.734900, 0.730966
1.025983, 23.300300, 0.746570
1.028770, 26.092300, 0.815471
1.031555, 29.731400, 0.886830
1.034336, 32.029700, 0.913015
1.037124, 31.323900, 0.895436
1.039908, 28.261400, 0.836849
1.042688, 24.979100, 0.760709
1.045474, 23.338100, 0.721987
1.048256, 24.293500, 0.746689
1.051043, 27.559900, 0.821151
1.053826, 31.546100, 0.885915
1.056615, 33.754500, 0.898205
1.059399, 32.540800, 0.872365
1.062178, 28.940500, 0.804477
1.064963, 25.398800, 0.724034
1.067752, 23.935400, 0.690390
1.070536, 25.699000, 0.730634
1.073316, 30.322700, 0.817718
1.076100, 35.590700, 0.861758
1.078888, 37.733100, 0.840563
1.081671, 34.898400, 0.795594
1.084458, 29.523100, 0.692434
1.087239, 25.140200, 0.594293
1.090025, 25.264000, 0.592431
1.092804, 33.371500, 0.719993
1.095588, 48.181900, 0.685613
1.098375, 53.664700, 0.545769
1.101156, 44.188100, 0.559018
1.103940, 34.317800, 0.290010
1.106728, 27.101900, 0.109749
1.109510, 21.757300, 0.049528
1.112294, 17.751400, 0.027013
1.115082, 14.524900, 0.016981
1.117863, 12.145400, 0.011959
1.120647, 10.297500, 0.009234
1.123434, 9.289470, 0.007720
1.126213, 9.008660, 0.006959
1.129006, 9.458490, 0.006693
1.131791, 10.653000, 0.006926
1.134567, 12.161100, 0.007620
1.137358, 14.228800, 0.009074
1.140140, 16.447300, 0.011571
1.142924, 19.136500, 0.016196
1.145711, 22.096900, 0.024826
1.148489, 25.602200, 0.042961
1.151280, 29.710800, 0.084618
1.154062, 34.754100, 0.189682
1.156847, 41.083000, 0.407697
1.159633, 48.945200, 0.573251
1.162409, 56.287100, 0.608435
1.165199, 54.582000, 0.758804
1.167979, 44.511200, 0.903231
1.170766, 38.323400, 0.881681
1.173550, 37.568400, 0.873199
1.176335, 38.927700, 0.896517
1.179118, 39.884400, 0.928887
1.181903, 39.388200, 0.958871
1.184687, 37.836000, 0.975812
1.187471, 36.347800, 0.974446
1.190256, 35.704600, 0.970454
1.193040, 35.855900, 0.971334
1.195824, 36.269900, 0.978807
1.198608, 36.414200, 0.986343
1.201392, 36.133400, 0.992788
1.204177, 35.645900, 0.993981
1.206961, 35.311300, 0.993645
1.209745, 35.304800, 0.992703
1.212529, 35.521400, 0.993963
1.215313, 35.702700, 0.995116
1.218098, 35.666100, 0.996268
1.220881, 35.448700, 0.995949
1.223666, 35.246900, 0.995029
1.226450, 35.254100, 0.994403
1.229234, 35.473000, 0.994073
1.232019, 35.738100, 0.993882
1.234802, 35.827600, 0.992195
1.237587, 35.683300, 0.990493
1.240371, 35.433400, 0.987809
1.243156, 35.337300, 0.987443
1.245940, 35.536300, 0.987516
1.248723, 35.966200, 0.989081
1.251508, 36.342500, 0.987180
1.254292, 36.410100, 0.984268
1.257076, 36.113600, 0.978251
1.259861, 35.699000, 0.974320
1.262645, 35.523000, 0.972051
1.265430, 35.826800, 0.975652
1.268213, 36.509000, 0.978945
1.270997, 37.179100, 0.980211
1.273781, 37.400600, 0.975333
1.276566, 37.025500, 0.968229
1.279350, 36.330800, 0.959306
1.282134, 35.842500, 0.954752
1.284919, 36.006400, 0.957235
1.287702, 36.851600, 0.965193
1.290488, 37.940400, 0.970211
1.293272, 38.600200, 0.967844
1.296056, 38.419100, 0.960427
1.298840, 37.531600, 0.949188
1.301624, 36.585500, 0.939679
1.304409, 36.282200, 0.937148
1.307192, 36.979300, 0.946638
1.309976, 38.369700, 0.956358
1.312762, 39.663100, 0.959535
1.315545, 40.053900, 0.952543
1.318329, 39.332400, 0.943525
1.321114, 38.027200, 0.929629
1.323898, 37.069500, 0.921814
1.326683, 37.199100, 0.924497
1.329467, 38.515400, 0.939265
1.332251, 40.332700, 0.946729
1.335034, 41.572500, 0.944395
1.337819, 41.498800, 0.934720
1.340604, 40.237100, 0.924200
1.343387, 38.714700, 0.910604
1.346172, 38.005000, 0.906204
1.348957, 38.757000, 0.916306
1.351740, 40.700700, 0.930614
1.354524, 42.777000, 0.931756
1.357309, 43.741100, 0.921647
1.360093, 43.086200, 0.912341
1.362877, 41.359300, 0.900260
1.365661, 39.816200, 0.890421
1.368445, 39.618100, 0.891109
1.371229, 41.216200, 0.908026
1.374014, 43.893400, 0.913132
1.376798, 46.114400, 0.901739
1.379582, 46.563000, 0.884507
1.382366, 45.079300, 0.878481
1.385151, 42.838300, 0.867264
1.387935, 41.510800, 0.864141
1.390720, 42.508900, 0.875513
1.393504, 45.796500, 0.888448
1.396288, 49.619000, 0.862403
1.399071, 51.456400, 0.828880
1.401856, 50.247700, 0.821483
1.404641, 47.035500, 0.825052
1.407424, 44.546000, 0.823326
1.410209, 45.722600, 0.841222
1.412992, 51.440800, 0.843732
1.415778, 57.986900, 0.750728
1.418562, 60.084200, 0.691226
1.421345, 56.791600, 0.716960
1.424130, 51.452300, 0.767516
1.426915, 51.230100, 0.803573
1.429699, 62.884800, 0.759779
1.432482, 74.539200, 0.486038
1.435268, 72.155300, 0.429802
1.438051, 68.607900, 0.604031
1.440835, 86.999300, 0.835344
1.443619, 59.311500, 0.243326
1.446403, 53.117200, 0.137978
1.449187, 48.684300, 0.179303
1.451971, 45.226800, 0.401165
1.454757, 42.822900, 0.021708
1.457541, 38.735100, 0.003077
1.460324, 38.879300, 0.000778
1.463109, 32.697400, 0.000274
1.465894, 36.205800, 0.000093
1.468678, 27.673600, 0.000056
1.471461, 34.021300, 0.000018
1.474246, 24.184000, 0.000018
1.477030, 30.944000, 0.000004
1.479814, 21.874200, 0.000008
1.482598, 25.169400, 0.000001
1.485382, 19.969500, 0.000004
1.488167, 17.526500, 0.000001
1.490951, 17.881900, 0.000002
1.493736, 11.897800, 0.000001
1.496520, 15.612600, 0.000001
1.499304, 8.642500, 0.000001
1.502088, 14.311800, 0.000001
1.504872, 6.105900, 0.000001
1.507656, 15.954500, 0.000001
1.510441, 5.217860, 0.000001
1.513225, 19.531500, 0.000000
1.516009, 8.756480, 0.000001
1.518794, 21.666500, 0.000000
1.521577, 14.391800, 0.000001
1.524362, 20.834600, 0.000001
1.527146, 19.594500, 0.000001
1.529930, 16.473000, 0.000001
1.532716, 23.267300, 0.000003
1.535500, 8.436230, 0.000001
1.538284, 25.237300, 0.000005
1.541067, 4.390550, 0.000003
1.543851, 26.086300, 0.000012
1.546635, 15.420800, 0.000009
1.549421, 26.797600, 0.000034
1.552204, 24.680300, 0.000040
1.554989, 28.825800, 0.000140
1.557773, 31.678200, 0.000279
1.560558, 33.525100, 0.001063
1.563341, 38.030400, 0.004394
1.566125, 41.200000, 0.040986
1.568909, 45.927900, 0.458601
1.571693, 52.588800, 0.138253
1.574479, 61.266000, 0.156448
1.577262, 85.878700, 0.558009
1.580046, 57.154800, 0.683895
1.582831, 65.006000, 0.488806
1.585615, 71.204600, 0.436712
1.588398, 63.169600, 0.646274
1.591183, 48.580100, 0.762588
1.593969, 45.224900, 0.732797
1.596751, 51.223200, 0.736709
1.599536, 57.628700, 0.682625
1.602320, 58.790400, 0.689069
1.605103, 53.337200, 0.785392
1.607889, 45.940700, 0.819686
1.610674, 42.627400, 0.794829
1.613457, 44.908400, 0.810375
1.616241, 49.687200, 0.808103
1.619025, 53.113100, 0.791362
1.621810, 52.720400, 0.808795
1.624594, 48.767900, 0.856541
1.627378, 44.254400, 0.858418
1.630162, 42.347400, 0.848107
1.632947, 43.927100, 0.854175
1.635730, 47.408200, 0.861430
1.638515, 50.244600, 0.849940
1.641299, 50.568400, 0.858909
1.644083, 48.211400, 0.883795
1.646867, 44.891500, 0.893608
1.649651, 42.880600, 0.884727
1.652437, 43.373500, 0.885996
1.655222, 45.755000, 0.892634
1.658003, 48.332000, 0.888274
1.660790, 49.439700, 0.888821
1.663574, 48.452000, 0.902248
1.666358, 46.133600, 0.917101
1.669142, 44.090500, 0.914368
1.671925, 43.639700, 0.913479
1.674711, 44.918300, 0.914744
1.677494, 46.969700, 0.916782
1.680279, 48.469000, 0.912653
1.683063, 48.547200, 0.920581
1.685847, 47.285800, 0.931083
1.688631, 45.616600, 0.938968
1.691416, 44.662000, 0.936806
1.694199, 44.986900, 0.938029
1.696983, 46.270800, 0.937243
1.699769, 47.660500, 0.936707
1.702551, 48.329300, 0.937613
1.705336, 47.985000, 0.945870
1.708121, 46.983000, 0.954412
1.710904, 46.059800, 0.958268
1.713688, 45.822400, 0.958888
1.716474, 46.373100, 0.957655
1.719258, 47.309300, 0.957104
1.722042, 48.066100, 0.956092
1.724827, 48.261800, 0.961125
1.727610, 47.916800, 0.966931
1.730396, 47.370600, 0.974438
1.733179, 47.045700, 0.975731
1.735962, 47.155700, 0.977145
1.738748, 47.613300, 0.974130
1.741530, 48.134300, 0.974746
1.744316, 48.462700, 0.974781
1.747100, 48.507300, 0.980591
1.749883, 48.376200, 0.984548
1.752667, 48.255800, 0.989632
1.755452, 48.287800, 0.989750
1.758238, 48.478500, 0.989889
1.761022, 48.737500, 0.987986
1.763804, 48.962400, 0.988788
1.766590, 49.113300, 0.990613
1.769374, 49.221800, 0.994109
1.772158, 49.339200, 0.997017
1.774943, 49.493100, 0.998037
1.777726, 49.658800, 0.998194
1.780510, 49.809800, 0.996813
1.783295, 49.934400, 0.997628
1.786080, 50.078000, 0.997808
1.788862, 50.277500, 1.000520
1.791648, 50.553400, 1.000180
1.794432, 50.846400, 1.000960
1.797216, 51.099000, 0.998145
1.800000, 51.260700, 0.998515
