[nGx *  nGy]
0	600
[Fn *  Rotation * Transmitance ]
0.600000, 21.874830, 0.828247 0.114974
0.602778, 17.148338, 0.643566 0.055948
0.605556, 13.110818, 0.502675 0.025865
0.608333, 11.250893, 0.453379 0.017258
0.611111, 12.407417, 0.490731 0.022655
0.613889, 16.418187, 0.623086 0.049778
0.616667, 21.982615, 0.812748 0.113882
0.619444, 25.533035, 0.893196 0.165945
0.622222, 23.364706, 0.818522 0.128735
0.625000, 18.223163, 0.635064 0.062105
0.627778, 13.828513, 0.491815 0.028097
0.630556, 11.813032, 0.442187 0.018532
0.633333, 13.161689, 0.481883 0.024984
0.636111, 17.717599, 0.620930 0.057507
0.638889, 24.003058, 0.809949 0.134026
0.641667, 27.780418, 0.870480 0.189098
0.644444, 24.949710, 0.791077 0.140760
0.647222, 19.103020, 0.602256 0.064504
0.650000, 14.294247, 0.460675 0.028083
0.652778, 12.291019, 0.417512 0.018920
0.655556, 14.302499, 0.468816 0.028612
0.658333, 20.081305, 0.629201 0.074177
0.661111, 27.663261, 0.809174 0.174418
0.663889, 31.059930, 0.826193 0.219923
0.666667, 26.344960, 0.728725 0.143512
0.669444, 19.346803, 0.525465 0.057670
0.672222, 14.184746, 0.399090 0.023965
0.675000, 12.907852, 0.379073 0.018916
0.677778, 17.076227, 0.468511 0.040398
0.680556, 25.966259, 0.680956 0.130543
0.683333, 35.424613, 0.765008 0.257022
0.686111, 34.719576, 0.736143 0.238804
0.688889, 25.836878, 0.572068 0.108653
0.691667, 17.585763, 0.371875 0.033946
0.694444, 13.232887, 0.304478 0.015955
0.697222, 16.913276, 0.363257 0.030745
0.700000, 29.768758, 0.609291 0.150198
0.702778, 46.229849, 0.596768 0.311190
0.705556, 43.742508, 0.603135 0.288334
0.708333, 29.713620, 0.439648 0.108014
0.711111, 17.711800, 0.224784 0.020805
0.713889, 16.545565, 0.223503 0.018126
0.716667, 49.266210, 0.527876 0.303098
0.719444, 66.326801, 0.162568 0.136359
0.722222, 45.660243, 0.505788 0.258722
0.725000, 35.036756, 0.056485 0.018617
0.727778, 28.795907, 0.010524 0.002442
0.730556, 24.548487, 0.003471 0.000599
0.733333, 21.365782, 0.001521 0.000202
0.736111, 18.821414, 0.000796 0.000083
0.738889, 16.691711, 0.000473 0.000039
0.741667, 14.847451, 0.000311 0.000020
0.744444, 13.207498, 0.000222 0.000012
0.747222, 11.718975, 0.000170 0.000007
0.750000, 10.345154, 0.000139 0.000004
0.752778, 9.061105, 0.000121 0.000003
0.755556, 7.850004, 0.000111 0.000002
0.758333, 6.703185, 0.000107 0.000001
0.761111, 5.622616, 0.000109 0.000001
0.763889, 4.627323, 0.000116 0.000001
0.766667, 3.772741, 0.000131 0.000001
0.769444, 3.181649, 0.000156 0.000000
0.772222, 3.045920, 0.000195 0.000001
0.775000, 3.475536, 0.000258 0.000001
0.777778, 4.377267, 0.000363 0.000002
0.780556, 5.613380, 0.000545 0.000005
0.783333, 7.119134, 0.000879 0.000014
0.786111, 8.898061, 0.001539 0.000037
0.788889, 11.009015, 0.002967 0.000108
0.791667, 13.577122, 0.006434 0.000355
0.794444, 16.837446, 0.016208 0.001360
0.797222, 21.237994, 0.049683 0.006519
0.800000, 27.576373, 0.186833 0.040039
0.802778, 35.939909, 0.552538 0.190346
0.805556, 37.064931, 0.827097 0.300460
0.808333, 27.589277, 0.937228 0.201026
0.811111, 23.225306, 0.906228 0.140928
0.813889, 22.927064, 0.932032 0.141442
0.816667, 23.054690, 0.973315 0.149266
0.819444, 22.523723, 0.993746 0.145822
0.822222, 21.793184, 0.995370 0.137194
0.825000, 21.397308, 0.994440 0.132363
0.827778, 21.320171, 0.996733 0.131758
0.830556, 21.261722, 0.997641 0.131189
0.833333, 21.068720, 0.994047 0.128462
0.836111, 20.859362, 0.989313 0.125435
0.838889, 20.829907, 0.988813 0.125033
0.841667, 21.013713, 0.992947 0.127681
0.844444, 21.228188, 0.995759 0.130548
0.847222, 21.238959, 0.990632 0.130002
0.850000, 20.985554, 0.977075 0.125319
0.852778, 20.654788, 0.962213 0.119722
0.855556, 20.537658, 0.955817 0.117639
0.858333, 20.803524, 0.962655 0.121431
0.861111, 21.355821, 0.977832 0.129672
0.863889, 21.862456, 0.989062 0.137150
0.866667, 21.972500, 0.985383 0.137951
0.869444, 21.594140, 0.965460 0.130767
0.872222, 20.987754, 0.939119 0.120474
0.875000, 20.586108, 0.921491 0.113927
0.877778, 20.717058, 0.923317 0.115545
0.880556, 21.404145, 0.943813 0.125701
0.883333, 22.318413, 0.969767 0.139853
0.886111, 22.927614, 0.982987 0.149181
0.888889, 22.838513, 0.972718 0.146539
0.891667, 22.112528, 0.942411 0.133537
0.894444, 21.231263, 0.908089 0.119087
0.897222, 20.766360, 0.889127 0.111773
0.900000, 21.061338, 0.896456 0.115773
0.902778, 22.054967, 0.926172 0.130588
0.905556, 23.268694, 0.960057 0.149826
0.908333, 24.010490, 0.976055 0.161606
0.911111, 23.814620, 0.963108 0.157023
0.913889, 22.824381, 0.926483 0.139410
0.916667, 21.684057, 0.885620 0.120906
0.919444, 21.096046, 0.863542 0.111873
0.922222, 21.460805, 0.872738 0.116822
0.925000, 22.693294, 0.908369 0.135202
0.927778, 24.210059, 0.948812 0.159560
0.930556, 25.154139, 0.968340 0.174952
0.933333, 24.928244, 0.954810 0.169620
0.936111, 23.697067, 0.913417 0.147539
0.938889, 22.249838, 0.865360 0.124069
0.941667, 21.438659, 0.837572 0.111894
0.944444, 21.761495, 0.845475 0.116211
0.947222, 23.159404, 0.885131 0.136910
0.950000, 24.988627, 0.932958 0.166490
0.952778, 26.235073, 0.959228 0.187445
0.955556, 26.108781, 0.949682 0.183923
0.958333, 24.713727, 0.907721 0.158665
0.961111, 22.956040, 0.853966 0.129905
0.963889, 21.858135, 0.819206 0.113554
0.966667, 22.056208, 0.823144 0.116073
0.969444, 23.561244, 0.864050 0.138061
0.972222, 25.701269, 0.917286 0.172521
0.975000, 27.309199, 0.948904 0.199735
0.977778, 27.356007, 0.942705 0.199059
0.980556, 25.824846, 0.900452 0.170875
0.983333, 23.728776, 0.840672 0.136132
0.986111, 22.288703, 0.797795 0.114762
0.988889, 22.318320, 0.796755 0.114901
0.991667, 23.933782, 0.838776 0.138043
0.994444, 26.446866, 0.898223 0.178165
0.997222, 28.512797, 0.935532 0.213178
1.000000, 28.792341, 0.932649 0.216350
1.002778, 27.097244, 0.890655 0.184795
1.005556, 24.582614, 0.824521 0.142692
1.008333, 22.729961, 0.772753 0.115369
1.011111, 22.577892, 0.766834 0.113038
1.013889, 24.368682, 0.811113 0.138087
1.016667, 27.373673, 0.877658 0.185544
1.019444, 29.996422, 0.918727 0.229632
1.022222, 30.485381, 0.916187 0.235801
1.025000, 28.476133, 0.872612 0.198372
1.027778, 25.387123, 0.798023 0.146686
1.030556, 23.065157, 0.737069 0.113133
1.033333, 22.833741, 0.729238 0.109815
1.036111, 25.064130, 0.780902 0.140144
1.038889, 28.883821, 0.856799 0.199911
1.041667, 32.218965, 0.895211 0.254469
1.044444, 32.677200, 0.886316 0.258359
1.047222, 29.874698, 0.835802 0.207370
1.050000, 25.874081, 0.746517 0.142167
1.052778, 23.092055, 0.678114 0.104313
1.055556, 23.250467, 0.679229 0.105843
1.058333, 26.788276, 0.753175 0.152989
1.061111, 32.292455, 0.836260 0.238680
1.063889, 36.393549, 0.846832 0.298118
1.066667, 35.583800, 0.822948 0.278650
1.069444, 30.599274, 0.749062 0.194091
1.072222, 25.166975, 0.632189 0.114328
1.075000, 22.680294, 0.576439 0.085704
1.077778, 25.709061, 0.632125 0.118956
1.080556, 34.104077, 0.755674 0.237570
1.083333, 43.154363, 0.737423 0.344974
1.086111, 43.910868, 0.699514 0.336463
1.088889, 35.867506, 0.655865 0.225155
1.091667, 26.496118, 0.479782 0.095495
1.094444, 23.278403, 0.422898 0.066049
1.097222, 39.262851, 0.641484 0.256937
1.100000, 66.197768, 0.335647 0.280977
1.102778, 55.756152, 0.359940 0.245965
1.105556, 41.642948, 0.389504 0.171983
1.108333, 32.675544, 0.069184 0.020165
1.111111, 26.506941, 0.018806 0.003746
1.113889, 21.870235, 0.007426 0.001030
1.116667, 18.156612, 0.003672 0.000357
1.119444, 15.052139, 0.002117 0.000143
1.122222, 12.389675, 0.001371 0.000063
1.125000, 10.087497, 0.000975 0.000030
1.127778, 8.134224, 0.000751 0.000015
1.130556, 6.600378, 0.000622 0.000008
1.133333, 5.658012, 0.000549 0.000005
1.136111, 5.511339, 0.000516 0.000005
1.138889, 6.172246, 0.000515 0.000006
1.141667, 7.422468, 0.000545 0.000009
1.144444, 9.038911, 0.000612 0.000015
1.147222, 10.894104, 0.000730 0.000026
1.150000, 12.934609, 0.000928 0.000047
1.152778, 15.148818, 0.001264 0.000086
1.155556, 17.550048, 0.001857 0.000169
1.158333, 20.174103, 0.002972 0.000354
1.161111, 23.079255, 0.005266 0.000809
1.163889, 26.359068, 0.010574 0.002085
1.166667, 30.162034, 0.024955 0.006300
1.169444, 34.738846, 0.072600 0.023574
1.172222, 40.534262, 0.249725 0.105477
1.175000, 48.327183, 0.517233 0.288585
1.177778, 58.775611, 0.491796 0.359636
1.180556, 64.348538, 0.603091 0.490073
1.183333, 50.681727, 0.881751 0.527742
1.186111, 41.581079, 0.866214 0.381541
1.188889, 41.236714, 0.855588 0.371759
1.191667, 42.805172, 0.879723 0.406195
1.194444, 42.873642, 0.917556 0.424757
1.197222, 40.986900, 0.954123 0.410451
1.200000, 38.575062, 0.965739 0.375480
1.202778, 37.102645, 0.960280 0.349450
1.205556, 36.858484, 0.958036 0.344710
1.208333, 37.225061, 0.963653 0.352660
1.211111, 37.456699, 0.973267 0.359973
1.213889, 37.190227, 0.982399 0.358945
1.216667, 36.552610, 0.987203 0.350154
1.219444, 35.933374, 0.987236 0.339990
1.222222, 35.636020, 0.985801 0.334642
1.225000, 35.682652, 0.985843 0.335417
1.227778, 35.868490, 0.987685 0.339082
1.230556, 35.953767, 0.990202 0.341347
1.233333, 35.832277, 0.992130 0.340013
1.236111, 35.576809, 0.992726 0.336022
1.238889, 35.356563, 0.992322 0.332280
1.241667, 35.301836, 0.991968 0.331267
1.244444, 35.416901, 0.992283 0.333254
1.247222, 35.592713, 0.993037 0.336388
1.250000, 35.695239, 0.993642 0.338277
1.252778, 35.659854, 0.993700 0.337715
1.255556, 35.529031, 0.993188 0.335395
1.258333, 35.414847, 0.992548 0.333309
1.261111, 35.417489, 0.992405 0.333304
1.263889, 35.557729, 0.992953 0.335786
1.266667, 35.766377, 0.993757 0.339486
1.269444, 35.933902, 0.994184 0.342392
1.272222, 35.983854, 0.993890 0.343114
1.275000, 35.921949, 0.992950 0.341770
1.277778, 35.829527, 0.991860 0.339875
1.280556, 35.809749, 0.991313 0.339363
1.283333, 35.921193, 0.991715 0.341332
1.286111, 36.141890, 0.992788 0.345340
1.288889, 36.384218, 0.993790 0.349698
1.291667, 36.549944, 0.994074 0.352546
1.294444, 36.591015, 0.993436 0.353001
1.297222, 36.537972, 0.992160 0.351669
1.300000, 36.479939, 0.990918 0.350269
1.302778, 36.510122, 0.990459 0.350606
1.305556, 36.670618, 0.991086 0.353485
1.308333, 36.928519, 0.992405 0.358241
1.311111, 37.196340, 0.993604 0.363141
1.313889, 37.383573, 0.994016 0.366423
1.316667, 37.448975, 0.993424 0.367299
1.319444, 37.423139, 0.992102 0.366378
1.322222, 37.389072, 0.990727 0.365302
1.325000, 37.434273, 0.990072 0.365814
1.327778, 37.602438, 0.990553 0.368801
1.330556, 37.871356, 0.991900 0.373809
1.333333, 38.167414, 0.993376 0.379347
1.336111, 38.406940, 0.994248 0.383723
1.338889, 38.541753, 0.994144 0.385961
1.341667, 38.583899, 0.993149 0.386287
1.344444, 38.597029, 0.991788 0.385979
1.347222, 38.661344, 0.990808 0.386683
1.350000, 38.831801, 0.990786 0.389552
1.352778, 39.111773, 0.991748 0.394669
1.355556, 39.453380, 0.993143 0.401028
1.358333, 39.782324, 0.994197 0.407061
1.361111, 40.035393, 0.994324 0.411436
1.363889, 40.190894, 0.993368 0.413697
1.366667, 40.279061, 0.991670 0.414495
1.369444, 40.367412, 0.989962 0.415287
1.372222, 40.529447, 0.989066 0.417673
1.375000, 40.811606, 0.989441 0.422649
1.377778, 41.211688, 0.990815 0.430087
1.380556, 41.676989, 0.992262 0.438711
1.383333, 42.123860, 0.992713 0.446608
1.386111, 42.473772, 0.991539 0.452108
1.388889, 42.693054, 0.988879 0.454667
1.391667, 42.818393, 0.985610 0.455313
1.394444, 42.952721, 0.983070 0.456438
1.397222, 43.228519, 0.982466 0.460876
1.400000, 43.747661, 0.983903 0.470453
1.402778, 44.516507, 0.985696 0.484530
1.405556, 45.407809, 0.985088 0.499555
1.408333, 46.192890, 0.980515 0.510666
1.411111, 46.662170, 0.973142 0.514787
1.413889, 46.785213, 0.965882 0.513016
1.416667, 46.801683, 0.961707 0.511075
1.419444, 47.164195, 0.962714 0.517686
1.422222, 48.312943, 0.966984 0.539280
1.425000, 50.310553, 0.964495 0.571132
1.427778, 52.551708, 0.945549 0.595962
1.430556, 54.006660, 0.918974 0.601578
1.433333, 54.112481, 0.903689 0.593158
1.436111, 53.535776, 0.906273 0.586162
1.438889, 54.201641, 0.925189 0.608637
1.441667, 58.402819, 0.933126 0.676967
1.444444, 65.468457, 0.839480 0.694766
1.447222, 69.669563, 0.716875 0.630341
1.450000, 68.795128, 0.710503 0.617548
1.452778, 70.667060, 0.862106 0.767621
1.455556, 82.310586, 0.728306 0.715267
1.458333, 60.272759, 0.335873 0.253286
1.461111, 52.851530, 0.260295 0.165372
1.463889, 48.567853, 0.353533 0.198725
1.466667, 45.317319, 0.356273 0.180110
1.469444, 42.578992, 0.039040 0.017872
1.472222, 40.156147, 0.006934 0.002883
1.475000, 37.951236, 0.001852 0.000700
1.477778, 35.908489, 0.000629 0.000216
1.480556, 33.990605, 0.000251 0.000078
1.483333, 32.171438, 0.000113 0.000032
1.486111, 30.433414, 0.000056 0.000014
1.488889, 28.763713, 0.000030 0.000007
1.491667, 27.146493, 0.000017 0.000004
1.494444, 25.574332, 0.000010 0.000002
1.497222, 24.051147, 0.000007 0.000001
1.500000, 22.553219, 0.000004 0.000001
1.502778, 21.087294, 0.000003 0.000000
1.505556, 19.637200, 0.000002 0.000000
1.508333, 18.213564, 0.000002 0.000000
1.511111, 16.793189, 0.000001 0.000000
1.513889, 15.386009, 0.000001 0.000000
1.516667, 13.998175, 0.000001 0.000000
1.519444, 12.605050, 0.000001 0.000000
1.522222, 11.230181, 0.000001 0.000000
1.525000, 9.871859, 0.000001 0.000000
1.527778, 8.554997, 0.000001 0.000000
1.530556, 7.303669, 0.000001 0.000000
1.533333, 6.206131, 0.000001 0.000000
1.536111, 5.368595, 0.000001 0.000000
1.538889, 4.979806, 0.000001 0.000000
1.541667, 5.191621, 0.000001 0.000000
1.544444, 5.999737, 0.000001 0.000000
1.547222, 7.255938, 0.000002 0.000000
1.550000, 8.827039, 0.000002 0.000000
1.552778, 10.621783, 0.000003 0.000000
1.555556, 12.609086, 0.000004 0.000000
1.558333, 14.766111, 0.000007 0.000000
1.561111, 17.110889, 0.000011 0.000001
1.563889, 19.641487, 0.000019 0.000002
1.566667, 22.394490, 0.000038 0.000006
1.569444, 25.408767, 0.000085 0.000016
1.572222, 28.743567, 0.000221 0.000051
1.575000, 32.492832, 0.000725 0.000209
1.577778, 36.801584, 0.003573 0.001282
1.580556, 41.934446, 0.050821 0.022697
1.583333, 48.443921, 0.157487 0.088187
1.586111, 57.851914, 0.056091 0.040209
1.588889, 76.769733, 0.095803 0.090785
1.591667, 43.312965, 0.532011 0.250350
1.594444, 51.232157, 0.554916 0.337342
1.597222, 67.690243, 0.264171 0.226102
1.600000, 73.545378, 0.255473 0.234975
1.602778, 54.615673, 0.568085 0.377601
1.605556, 33.397785, 0.467837 0.141751
1.608333, 34.448339, 0.484680 0.155085
1.611111, 48.698590, 0.614151 0.346610
1.613889, 61.380528, 0.451086 0.347593
1.616667, 63.205774, 0.441208 0.351550
1.619444, 51.530034, 0.625434 0.383382
1.622222, 37.191179, 0.596276 0.217874
1.625000, 30.834329, 0.503918 0.132387
1.627778, 36.791220, 0.597535 0.214325
1.630556, 48.099256, 0.662596 0.367069
1.633333, 57.213822, 0.558642 0.394832
1.636111, 57.590383, 0.560631 0.399583
1.638889, 48.983558, 0.677657 0.385791
1.641667, 38.229321, 0.655720 0.251092
1.644444, 32.041619, 0.570348 0.160534
1.647222, 34.506126, 0.611486 0.196236
1.650000, 43.031667, 0.703690 0.327690
1.652778, 51.955841, 0.660728 0.409792
1.655556, 55.807975, 0.610880 0.417959
1.658333, 51.789811, 0.670505 0.413968
1.661111, 43.211589, 0.720685 0.337862
1.663889, 35.424854, 0.650548 0.218569
1.666667, 33.004216, 0.617377 0.183175
1.669444, 37.408239, 0.683479 0.252234
1.672222, 45.436917, 0.733174 0.372178
1.675000, 52.398088, 0.678849 0.426107
1.677778, 54.014815, 0.658479 0.431142
1.680556, 49.312130, 0.717026 0.412273
1.683333, 41.679265, 0.734114 0.324605
1.686111, 35.485046, 0.671603 0.226309
1.688889, 34.354615, 0.658199 0.209603
1.691667, 38.994833, 0.721410 0.285647
1.694444, 46.407162, 0.749551 0.393177
1.697222, 52.389424, 0.696722 0.437224
1.700000, 53.333712, 0.683442 0.439732
1.702778, 48.793048, 0.734132 0.415524
1.705556, 41.816096, 0.743841 0.330671
1.708333, 36.227244, 0.688910 0.240614
1.711111, 35.231729, 0.677978 0.225629
1.713889, 39.486051, 0.734473 0.296989
1.716667, 46.357611, 0.761119 0.398587
1.719444, 52.041808, 0.714777 0.444354
1.722222, 53.253912, 0.698905 0.448748
1.725000, 49.381885, 0.743581 0.428437
1.727778, 42.982575, 0.762480 0.354415
1.730556, 37.567314, 0.719226 0.267355
1.733333, 36.206476, 0.704777 0.245913
1.736111, 39.791376, 0.750703 0.307482
1.738889, 46.111153, 0.775605 0.402840
1.741667, 51.638138, 0.732517 0.450368
1.744444, 53.245521, 0.709651 0.455548
1.747222, 50.078483, 0.745307 0.438369
1.750000, 44.196434, 0.770609 0.374498
1.752778, 38.773480, 0.736290 0.288758
1.755556, 36.797224, 0.715324 0.256646
1.758333, 39.583453, 0.752279 0.305445
1.761111, 45.487495, 0.783369 0.398349
1.763889, 51.226884, 0.746272 0.453603
1.766667, 53.647758, 0.713010 0.462494
1.769444, 51.427536, 0.738448 0.451371
1.772222, 46.063213, 0.774181 0.401453
1.775000, 40.474632, 0.754053 0.317717
1.777778, 37.667687, 0.726642 0.271342
1.780556, 39.458964, 0.752116 0.303774
1.783333, 44.848752, 0.787985 0.391912
1.786111, 50.785772, 0.758589 0.455378
1.788889, 54.042085, 0.714866 0.468385
1.791667, 52.827771, 0.726956 0.461564
1.794444, 48.043809, 0.768955 0.425251
1.797222, 42.326928, 0.765869 0.347255
1.800000, 38.663612, 0.735202 0.286956
