[nGx *  nGy]
0	800
[Fn *  Rotation * Transmitance ]
0.600000, 20.871972, 0.779869 0.098994
0.602778, 16.005220, 0.593621 0.045130
0.605556, 12.408289, 0.477956 0.022068
0.608333, 11.341495, 0.453584 0.017542
0.611111, 13.429800, 0.517663 0.027924
0.613889, 18.164718, 0.677723 0.065867
0.616667, 23.729719, 0.852860 0.138116
0.619444, 25.747674, 0.883823 0.166787
0.622222, 22.110728, 0.766929 0.108655
0.625000, 16.852283, 0.580364 0.048777
0.627778, 12.993624, 0.464886 0.023502
0.630556, 11.923536, 0.442532 0.018890
0.633333, 14.380211, 0.511777 0.031567
0.636111, 19.794558, 0.680515 0.078043
0.638889, 26.032441, 0.845206 0.162800
0.641667, 27.867840, 0.857174 0.187288
0.644444, 23.383519, 0.734588 0.115710
0.647222, 17.497175, 0.544297 0.049202
0.650000, 13.362245, 0.434081 0.023184
0.652778, 12.559454, 0.420879 0.019902
0.655556, 15.961070, 0.506660 0.038312
0.658333, 22.789464, 0.697228 0.104610
0.661111, 30.011894, 0.826800 0.206849
0.663889, 30.542212, 0.806667 0.208313
0.666667, 24.188167, 0.659978 0.110799
0.669444, 17.440295, 0.467370 0.041983
0.672222, 13.289388, 0.378406 0.019995
0.675000, 13.830868, 0.393426 0.022484
0.677778, 19.941760, 0.530350 0.061693
0.680556, 30.077144, 0.742134 0.186400
0.683333, 37.234792, 0.744938 0.272740
0.686111, 32.213878, 0.701702 0.199407
0.688889, 22.787995, 0.483310 0.072505
0.691667, 15.478435, 0.329791 0.023489
0.694444, 13.554252, 0.306720 0.016847
0.697222, 20.970874, 0.430267 0.055112
0.700000, 36.962499, 0.673542 0.243521
0.702778, 48.991768, 0.547701 0.311885
0.705556, 38.800768, 0.602785 0.236681
0.708333, 24.861360, 0.324217 0.057307
0.711111, 14.673429, 0.199221 0.012783
0.713889, 27.055153, 0.351731 0.072769
0.716667, 70.313352, 0.204054 0.180897
0.719444, 55.213231, 0.235796 0.159045
0.722222, 40.227807, 0.218754 0.091241
0.725000, 32.278072, 0.021769 0.006208
0.727778, 27.249006, 0.005430 0.001138
0.730556, 23.657353, 0.002029 0.000327
0.733333, 20.877143, 0.000950 0.000121
0.736111, 18.599111, 0.000517 0.000053
0.738889, 16.651167, 0.000316 0.000026
0.741667, 14.929165, 0.000211 0.000014
0.744444, 13.365613, 0.000153 0.000008
0.747222, 11.915945, 0.000119 0.000005
0.750000, 10.548929, 0.000098 0.000003
0.752778, 9.245717, 0.000086 0.000002
0.755556, 7.994402, 0.000080 0.000002
0.758333, 6.793479, 0.000079 0.000001
0.761111, 5.651930, 0.000082 0.000001
0.763889, 4.600800, 0.000089 0.000001
0.766667, 3.714750, 0.000103 0.000000
0.769444, 3.148318, 0.000125 0.000000
0.772222, 3.112991, 0.000161 0.000000
0.775000, 3.671410, 0.000220 0.000001
0.777778, 4.674998, 0.000318 0.000002
0.780556, 5.979180, 0.000490 0.000005
0.783333, 7.529003, 0.000813 0.000014
0.786111, 9.336000, 0.001462 0.000038
0.788889, 11.466414, 0.002894 0.000114
0.791667, 14.053177, 0.006437 0.000380
0.794444, 17.342675, 0.016636 0.001478
0.797222, 21.801962, 0.052342 0.007220
0.800000, 28.251141, 0.200127 0.044838
0.802778, 36.607926, 0.570324 0.202817
0.805556, 36.922843, 0.838941 0.302763
0.808333, 27.425144, 0.936399 0.198650
0.811111, 23.346798, 0.906842 0.142420
0.813889, 23.077478, 0.933561 0.143437
0.816667, 23.158027, 0.973861 0.150617
0.819444, 22.636471, 0.994170 0.147271
0.822222, 21.955494, 0.996762 0.139338
0.825000, 21.578136, 0.996256 0.134748
0.827778, 21.470497, 0.997841 0.133683
0.830556, 21.377210, 0.998129 0.132616
0.833333, 21.193309, 0.995242 0.130072
0.836111, 21.034512, 0.992257 0.127833
0.838889, 21.046014, 0.992836 0.128042
0.841667, 21.210386, 0.995888 0.130356
0.844444, 21.344094, 0.995834 0.131921
0.847222, 21.271037, 0.988245 0.130062
0.850000, 21.002599, 0.974869 0.125230
0.852778, 20.749206, 0.963300 0.120907
0.855556, 20.757513, 0.961443 0.120766
0.858333, 21.112589, 0.970946 0.125976
0.861111, 21.645729, 0.984597 0.133967
0.863889, 22.018603, 0.990612 0.139236
0.866667, 21.961948, 0.981310 0.137255
0.869444, 21.501321, 0.959114 0.128846
0.872222, 20.958601, 0.935677 0.119715
0.875000, 20.734270, 0.924727 0.115905
0.877778, 21.056768, 0.933172 0.120464
0.880556, 21.832565, 0.956005 0.132221
0.883333, 22.658151, 0.977955 0.145132
0.886111, 23.032553, 0.983038 0.150483
0.888889, 22.709022, 0.965407 0.143880
0.891667, 21.904549, 0.932962 0.129845
0.894444, 21.146953, 0.903332 0.117567
0.897222, 20.937808, 0.893347 0.114082
0.900000, 21.486274, 0.908972 0.121948
0.902778, 22.587151, 0.941236 0.138855
0.905556, 23.673642, 0.969760 0.156348
0.908333, 24.100848, 0.975757 0.162702
0.911111, 23.600146, 0.953910 0.152894
0.913889, 22.511087, 0.914490 0.134049
0.916667, 21.522659, 0.878962 0.118302
0.919444, 21.243509, 0.867299 0.113863
0.922222, 21.911915, 0.886230 0.123420
0.925000, 23.272781, 0.925122 0.144422
0.927778, 24.636717, 0.959905 0.166808
0.930556, 25.200403, 0.968908 0.175657
0.933333, 24.608081, 0.946048 0.164041
0.936111, 23.263263, 0.901619 0.140644
0.938889, 22.001388, 0.859543 0.120634
0.941667, 21.562135, 0.843538 0.113931
0.944444, 22.260131, 0.862665 0.123791
0.947222, 23.842074, 0.906382 0.148095
0.950000, 25.528582, 0.947730 0.176020
0.952778, 26.337732, 0.961584 0.189274
0.955556, 25.751650, 0.940403 0.177515
0.958333, 24.178662, 0.892791 0.149773
0.961111, 22.599997, 0.843738 0.124606
0.963889, 21.919520, 0.821391 0.114466
0.966667, 22.572020, 0.838442 0.123533
0.969444, 24.344271, 0.885622 0.150489
0.972222, 26.387231, 0.933430 0.184374
0.975000, 27.522503, 0.952586 0.203409
0.977778, 27.006541, 0.934245 0.192641
0.980556, 25.207204, 0.884574 0.160448
0.983333, 23.262180, 0.828188 0.129178
0.986111, 22.273940, 0.798187 0.114674
0.988889, 22.835318, 0.811936 0.122285
0.991667, 24.802607, 0.862164 0.151719
0.994444, 27.264832, 0.916642 0.192366
0.997222, 28.816346, 0.940789 0.218571
1.000000, 28.416124, 0.925334 0.209546
1.002778, 26.358874, 0.874085 0.172308
1.005556, 23.978973, 0.809873 0.133760
1.008333, 22.631045, 0.771624 0.114253
1.011111, 23.107629, 0.782361 0.120503
1.013889, 25.346417, 0.836722 0.153339
1.016667, 28.340895, 0.898029 0.202376
1.019444, 30.377421, 0.924677 0.236464
1.022222, 30.033389, 0.909725 0.227891
1.025000, 27.564972, 0.855189 0.183131
1.027778, 24.620227, 0.781327 0.135605
1.030556, 22.889527, 0.735202 0.111226
1.033333, 23.412323, 0.746181 0.117809
1.036111, 26.190340, 0.809224 0.157632
1.038889, 30.001750, 0.877450 0.219386
1.041667, 32.595935, 0.899828 0.261139
1.044444, 32.017753, 0.880305 0.247447
1.047222, 28.713977, 0.817057 0.188593
1.050000, 24.961080, 0.729088 0.129841
1.052778, 22.948800, 0.678849 0.103204
1.055556, 24.051634, 0.701518 0.116526
1.058333, 28.211192, 0.785314 0.175492
1.061111, 33.533545, 0.850947 0.259686
1.063889, 36.434743, 0.847906 0.299078
1.066667, 34.337605, 0.816688 0.259848
1.069444, 29.066367, 0.726090 0.171374
1.072222, 24.246904, 0.618676 0.104339
1.075000, 22.973532, 0.588453 0.089644
1.077778, 27.237225, 0.667682 0.139857
1.080556, 36.005113, 0.774465 0.267637
1.083333, 43.661877, 0.733073 0.349422
1.086111, 42.237705, 0.710409 0.321008
1.088889, 33.715106, 0.632161 0.194766
1.091667, 25.128384, 0.463986 0.083669
1.094444, 24.218575, 0.444968 0.074879
1.097222, 42.545773, 0.660021 0.301774
1.100000, 66.074129, 0.329476 0.275286
1.102778, 53.684845, 0.405138 0.263043
1.105556, 40.272082, 0.335178 0.140056
1.108333, 31.640022, 0.063549 0.017488
1.111111, 25.631250, 0.018720 0.003503
1.113889, 21.083677, 0.007764 0.001005
1.116667, 17.429801, 0.003978 0.000357
1.119444, 14.375714, 0.002361 0.000146
1.122222, 11.768266, 0.001567 0.000065
1.125000, 9.542151, 0.001140 0.000031
1.127778, 7.711948, 0.000898 0.000016
1.130556, 6.388250, 0.000759 0.000009
1.133333, 5.770674, 0.000685 0.000007
1.136111, 5.998505, 0.000658 0.000007
1.138889, 6.962195, 0.000672 0.000010
1.141667, 8.418360, 0.000728 0.000016
1.144444, 10.183619, 0.000839 0.000026
1.147222, 12.165126, 0.001031 0.000046
1.150000, 14.328754, 0.001353 0.000083
1.152778, 16.673749, 0.001911 0.000157
1.155556, 19.223681, 0.002929 0.000318
1.158333, 22.025697, 0.004932 0.000694
1.161111, 25.156044, 0.009299 0.001680
1.163889, 28.737867, 0.020204 0.004671
1.166667, 32.973415, 0.052646 0.015594
1.169444, 38.211745, 0.166129 0.063566
1.172222, 45.062525, 0.446792 0.223884
1.175000, 54.322647, 0.520637 0.343544
1.177778, 63.551822, 0.543184 0.435432
1.180556, 56.808208, 0.801808 0.561511
1.183333, 44.165936, 0.898039 0.435948
1.186111, 40.793688, 0.864320 0.368935
1.188889, 41.802235, 0.876056 0.389236
1.191667, 42.648542, 0.907454 0.416526
1.194444, 41.769134, 0.945430 0.419516
1.197222, 39.706771, 0.969374 0.395641
1.200000, 37.858228, 0.970796 0.365640
1.202778, 37.023629, 0.965685 0.350136
1.205556, 37.037675, 0.966325 0.350596
1.208333, 37.288783, 0.972986 0.357118
1.211111, 37.283114, 0.981867 0.360284
1.213889, 36.903766, 0.988943 0.356581
1.216667, 36.360156, 0.991782 0.348593
1.219444, 35.943902, 0.991324 0.341571
1.222222, 35.797786, 0.990362 0.338841
1.225000, 35.856116, 0.990637 0.339893
1.227778, 35.945474, 0.992157 0.341884
1.230556, 35.929211, 0.994063 0.342273
1.233333, 35.791048, 0.995433 0.340465
1.236111, 35.619277, 0.995873 0.337786
1.238889, 35.522440, 0.995718 0.336141
1.241667, 35.546116, 0.995554 0.336475
1.244444, 35.648719, 0.995646 0.338193
1.247222, 35.742664, 0.995886 0.339823
1.250000, 35.762114, 0.996058 0.340202
1.252778, 35.707232, 0.996023 0.339285
1.255556, 35.637639, 0.995855 0.338082
1.258333, 35.625672, 0.995782 0.337860
1.261111, 35.703803, 0.995947 0.339203
1.263889, 35.843849, 0.996224 0.341607
1.266667, 35.978881, 0.996333 0.343875
1.269444, 36.050407, 0.996091 0.344975
1.272222, 36.047609, 0.995540 0.344738
1.275000, 36.013805, 0.994930 0.343968
1.277778, 36.016225, 0.994614 0.343899
1.280556, 36.101807, 0.994811 0.345381
1.283333, 36.266517, 0.995393 0.348310
1.286111, 36.458381, 0.995951 0.351690
1.288889, 36.610559, 0.996095 0.354272
1.291667, 36.683263, 0.995699 0.355341
1.294444, 36.687995, 0.994930 0.355145
1.297222, 36.679493, 0.994180 0.354736
1.300000, 36.721718, 0.993883 0.355332
1.302778, 36.849291, 0.994231 0.357580
1.305556, 37.047614, 0.995018 0.361172
1.308333, 37.262959, 0.995773 0.365049
1.311111, 37.434764, 0.996075 0.368041
1.313889, 37.531204, 0.995771 0.369547
1.316667, 37.566852, 0.995011 0.369863
1.319444, 37.592642, 0.994191 0.369991
1.322222, 37.666018, 0.993773 0.371066
1.325000, 37.818847, 0.994008 0.373721
1.327778, 38.041171, 0.994792 0.377759
1.330556, 38.288658, 0.995709 0.382286
1.333333, 38.507638, 0.996322 0.386229
1.336111, 38.664251, 0.996361 0.388899
1.338889, 38.760753, 0.995836 0.390331
1.341667, 38.832167, 0.995021 0.391223
1.344444, 38.926425, 0.994352 0.392559
1.347222, 39.079964, 0.994201 0.395105
1.350000, 39.301209, 0.994672 0.399055
1.352778, 39.569047, 0.995543 0.403970
1.355556, 39.845109, 0.996382 0.409030
1.358333, 40.092391, 0.996770 0.413425
1.361111, 40.292119, 0.996481 0.416730
1.363889, 40.450940, 0.995579 0.419076
1.366667, 40.597443, 0.994415 0.421098
1.369444, 40.770075, 0.993496 0.423668
1.372222, 41.002193, 0.993245 0.427544
1.375000, 41.309513, 0.993772 0.433053
1.377778, 41.682759, 0.994744 0.439908
1.380556, 42.088114, 0.995484 0.447236
1.383333, 42.477123, 0.995299 0.453881
1.386111, 42.804761, 0.993856 0.458886
1.388889, 43.052971, 0.991412 0.462042
1.391667, 43.249026, 0.988801 0.464201
1.394444, 43.468388, 0.987107 0.467179
1.397222, 43.812353, 0.987093 0.473091
1.400000, 44.361241, 0.988415 0.483189
1.402778, 45.115596, 0.989261 0.496626
1.405556, 45.958084, 0.987259 0.510135
1.408333, 46.683958, 0.981569 0.519617
1.411111, 47.119370, 0.974009 0.523000
1.413889, 47.275221, 0.967809 0.522296
1.416667, 47.425730, 0.965763 0.523720
1.419444, 48.028682, 0.968654 0.535435
1.422222, 49.456342, 0.971574 0.561049
1.425000, 51.596313, 0.962763 0.591245
1.427778, 53.658177, 0.937985 0.608587
1.430556, 54.668664, 0.913237 0.607818
1.433333, 54.459820, 0.905652 0.599651
1.436111, 54.218977, 0.917662 0.603949
1.438889, 56.262069, 0.940894 0.650663
1.441667, 62.187063, 0.909318 0.711357
1.444444, 68.701560, 0.774768 0.672551
1.447222, 70.156270, 0.696494 0.616236
1.450000, 69.353326, 0.763638 0.668695
1.452778, 81.936451, 0.984449 0.965079
1.455556, 66.414226, 0.449437 0.377483
1.458333, 55.361630, 0.280747 0.190045
1.461111, 50.334429, 0.280046 0.165946
1.463889, 46.767709, 0.492964 0.261681
1.466667, 43.775111, 0.108150 0.051764
1.469444, 41.068838, 0.014314 0.006178
1.472222, 38.514218, 0.003264 0.001266
1.475000, 36.038445, 0.001019 0.000353
1.477778, 33.601927, 0.000389 0.000119
1.480556, 31.190205, 0.000173 0.000046
1.483333, 28.806558, 0.000086 0.000020
1.486111, 26.467465, 0.000047 0.000009
1.488889, 24.196183, 0.000028 0.000005
1.491667, 22.025427, 0.000018 0.000003
1.494444, 19.977465, 0.000012 0.000001
1.497222, 18.073684, 0.000009 0.000001
1.500000, 16.320165, 0.000007 0.000001
1.502778, 14.723817, 0.000005 0.000000
1.505556, 13.275832, 0.000004 0.000000
1.508333, 11.986395, 0.000004 0.000000
1.511111, 10.807100, 0.000003 0.000000
1.513889, 9.758012, 0.000003 0.000000
1.516667, 8.810009, 0.000003 0.000000
1.519444, 7.952427, 0.000003 0.000000
1.522222, 7.185497, 0.000002 0.000000
1.525000, 6.497800, 0.000002 0.000000
1.527778, 5.901483, 0.000002 0.000000
1.530556, 5.412793, 0.000002 0.000000
1.533333, 5.067520, 0.000002 0.000000
1.536111, 4.913208, 0.000003 0.000000
1.538889, 5.005380, 0.000003 0.000000
1.541667, 5.389440, 0.000003 0.000000
1.544444, 6.084951, 0.000004 0.000000
1.547222, 7.087674, 0.000004 0.000000
1.550000, 8.392088, 0.000005 0.000000
1.552778, 9.987204, 0.000007 0.000000
1.555556, 11.877282, 0.000010 0.000000
1.558333, 14.064443, 0.000014 0.000001
1.561111, 16.565698, 0.000022 0.000002
1.563889, 19.380889, 0.000039 0.000004
1.566667, 22.528365, 0.000075 0.000011
1.569444, 26.031061, 0.000168 0.000032
1.572222, 29.928638, 0.000462 0.000115
1.575000, 34.302551, 0.001750 0.000556
1.577778, 39.313925, 0.012716 0.005104
1.580556, 45.305327, 0.498718 0.252017
1.583333, 53.133119, 0.067176 0.042996
1.586111, 65.737659, 0.061949 0.051489
1.588889, 77.713843, 0.304120 0.290349
1.591667, 42.200228, 0.502551 0.226757
1.594444, 60.818069, 0.365405 0.278534
1.597222, 73.933184, 0.222974 0.205895
1.600000, 66.495821, 0.363106 0.305353
1.602778, 42.599903, 0.595359 0.272769
1.605556, 31.411664, 0.435945 0.118417
1.608333, 42.482115, 0.596012 0.271848
1.611111, 56.966367, 0.517497 0.363714
1.613889, 64.901200, 0.409598 0.335899
1.616667, 58.323366, 0.525915 0.380891
1.619444, 43.618116, 0.656137 0.312250
1.622222, 32.428734, 0.523785 0.150622
1.625000, 33.471464, 0.542540 0.165028
1.627778, 43.678455, 0.664158 0.316766
1.630556, 54.614916, 0.595693 0.395945
1.633333, 59.287535, 0.532488 0.393591
1.636111, 53.754098, 0.622900 0.405147
1.638889, 42.911859, 0.691137 0.320402
1.641667, 34.003030, 0.595787 0.186330
1.644444, 32.860496, 0.581283 0.171135
1.647222, 39.707753, 0.677010 0.276327
1.650000, 49.216500, 0.688692 0.394845
1.652778, 55.692199, 0.612343 0.417809
1.655556, 54.664157, 0.631513 0.420266
1.658333, 47.166074, 0.714373 0.384168
1.661111, 38.386602, 0.684518 0.263948
1.663889, 33.429146, 0.619110 0.187898
1.666667, 35.456845, 0.652491 0.219566
1.669444, 42.741679, 0.727984 0.335328
1.672222, 50.701558, 0.699386 0.418831
1.675000, 54.678205, 0.649582 0.432441
1.677778, 52.047042, 0.687273 0.427317
1.680556, 44.908498, 0.739935 0.368786
1.683333, 37.627084, 0.695472 0.259226
1.686111, 34.305591, 0.652464 0.207257
1.688889, 37.047420, 0.694324 0.252024
1.691667, 43.929429, 0.750681 0.361318
1.694444, 50.904282, 0.715559 0.430996
1.697222, 53.956536, 0.676735 0.442441
1.700000, 51.203055, 0.712692 0.432903
1.702778, 44.677521, 0.753573 0.372545
1.705556, 38.168203, 0.714256 0.272767
1.708333, 35.281426, 0.679011 0.226527
1.711111, 37.855040, 0.716893 0.269972
1.713889, 44.221827, 0.764580 0.371907
1.716667, 50.720629, 0.731790 0.438475
1.719444, 53.692187, 0.693766 0.450525
1.722222, 51.382262, 0.722537 0.441089
1.725000, 45.454414, 0.762570 0.387333
1.727778, 39.283497, 0.733684 0.294126
1.730556, 36.228965, 0.699127 0.244203
1.733333, 38.229742, 0.728625 0.279015
1.736111, 44.060842, 0.773649 0.374146
1.738889, 50.381570, 0.746560 0.442990
1.741667, 53.702575, 0.704509 0.457623
1.744444, 52.113684, 0.723322 0.450546
1.747222, 46.788574, 0.766115 0.406958
1.750000, 40.751338, 0.750961 0.319998
1.752778, 37.227987, 0.715209 0.261774
1.755556, 38.416178, 0.734066 0.283422
1.758333, 43.662014, 0.778497 0.371075
1.761111, 49.938490, 0.759597 0.444946
1.763889, 53.821714, 0.711888 0.463828
1.766667, 53.123731, 0.718146 0.459537
1.769444, 48.456381, 0.762766 0.427285
1.772222, 42.497326, 0.764110 0.348721
1.775000, 38.373701, 0.728861 0.280887
1.777778, 38.587711, 0.735820 0.286246
1.780556, 43.159501, 0.779125 0.364552
1.783333, 49.422762, 0.770448 0.444460
1.786111, 53.959760, 0.717408 0.469070
1.788889, 54.259912, 0.708705 0.466906
1.791667, 50.331327, 0.751509 0.445279
1.794444, 44.480057, 0.770645 0.378329
1.797222, 39.728821, 0.740151 0.302365
1.800000, 38.862124, 0.735137 0.289417
